1.25763
1.25539
1.24855
1.24793
1.24252
1.24569
1.24302
1.23939
1.23706
1.23596
1.23678
1.23933
1.23644
1.23571
1.23605
1.23631
1.23708
1.2381
1.23662
1.23659
1.23594
1.23737
1.23912
1.23801
1.24077
1.23854
1.2366
1.23766
1.23733
1.23784
1.23729
1.23563
1.23593
1.23665
1.23594
1.23717
1.23674
1.23813
1.23796
1.23735
1.2374
1.23673
1.23662
1.23733
1.23711
1.24061
1.2366
1.23898
1.23488
1.2284
1.22821
1.2256
1.22466
1.22646
1.22459
1.21778
1.2177
1.21894
1.22438
1.22296
1.22138
1.22174
1.22091
1.22174
1.21961
1.21799
1.2194
1.21868
1.21991
1.2235
1.22321
1.22609
1.2194
1.21837
1.21927
1.21673
1.21744
1.21646
1.21595
1.21555
1.2154
1.21613
1.21616
1.21596
1.21626
1.21636
1.21623
1.21659
1.21687
1.22474
1.23263
1.23394
1.22852
1.23541
1.22986
1.23504
1.24313
1.24476
1.24674
1.24464
1.25035
1.25045
1.23825
1.23993
1.2527
1.24813
1.26118
1.26392
1.27807
1.27441
1.25642
1.26886
1.27896
1.28304
1.2887
1.28521
1.27614
1.28194
1.30346
1.29777
1.29764
1.28655
1.28787
1.29854
1.29851
1.31084
1.32978
1.34049
1.36123
1.35616
1.35846
1.361
1.36727
1.3674
1.37109
1.36212
1.3624
1.35889
1.36141
1.36048
1.36749
1.36933
1.3663
1.36206
1.35197
1.35385
1.35139
1.35111
1.3513
1.35352
1.35745
1.35518
1.35497
1.34887
1.35193
1.35234
1.35385
1.35517
1.3576
1.3604
1.36081
1.351
1.34952
1.34736
1.3476
1.3467
1.34775
1.34664
1.34642
1.347
1.34834
1.35054
1.35946
1.354
1.35388
1.35454
1.3473
1.34077
1.34152
1.33944
1.33966
1.35252
1.35647
1.35335
1.3546
1.37339
1.37881
1.38442
1.3956
1.37982
1.38526
1.39289
1.38847
1.38929
1.37325
1.36395
1.3541
1.34676
1.34271
1.34324
1.34603
1.3353
1.33768
1.33274
1.33215
1.33115
1.32977
1.33025
1.33106
1.32831
1.32815
1.32705
1.32764
1.33014
1.33167
1.32979
1.32977
1.32756
1.32808
1.32811
1.32732
1.32975
1.33291
1.32465
1.32445
1.33054
1.33353
1.33785
1.34285
1.34587
1.34803
1.3427
1.34228
1.34353
1.34863
1.35873
1.35238
1.35732
1.35663
1.35342
1.34553
1.34099
1.33894
1.33721
1.33327
1.33714
1.33156
1.32901
1.32481
1.31693
1.31369
1.31049
1.30936
1.3086
1.3075
1.30534
1.30613
1.30615
1.30751
1.30661
1.30676
1.30592
1.30642
1.30658
1.30682
1.30879
1.31213
1.31414
1.3235
1.32698
1.31995
1.31105
1.31171
1.31176
1.30731
1.3063
1.3047
1.29931
1.29399
1.28742
1.28596
1.28605
1.28584
1.28533
1.28472
1.28694
1.28669
1.28663
1.28675
1.28548
1.28495
1.28654
1.28647
1.28852
1.28867
1.28866
1.28961
1.28905
1.29041
1.28918
1.29414
1.28812
1.28646
1.28556
1.28586
1.28617
1.28603
1.28566
1.28609
1.2891
1.28745
1.2873
1.28227
1.29167
1.29284
1.29851
1.29886
1.29061
1.29435
1.29762
1.29718
1.29765
1.29654
1.30269
1.2949
1.29345
1.29799
1.29453
1.28821
1.29425
1.29552
1.30294
1.30378
1.29946
1.30179
1.29016
1.29691
1.29161
1.28599
1.28947
1.28648
1.27999
1.28796
1.29257
1.29171
1.29592
1.28803
1.28528
1.28123
1.28254
1.29712
1.31008
1.31357
1.32069
1.32448
1.32267
1.33014
1.32284
1.32672
1.32892
1.31023
1.30107
1.29917
1.29573
1.29324
1.29353
1.29069
1.29296
1.292
1.29831
1.29741
1.29827
1.29918
1.29535
1.29519
1.29477
1.29683
1.29562
1.30356
1.30057
1.29966
1.30482
1.30663
1.31095
1.30465
1.29763
1.30082
1.29663
1.29511
1.29557
1.29412
1.29378
1.29259
1.29199
1.292
1.29245
1.29224
1.29887
1.30716
1.30177
1.30778
1.31456
1.30886
1.31471
1.31004
1.31392
1.3004
1.30784
1.30499
1.30493
1.29828
1.29867
1.29144
1.28368
1.2807
1.27884
1.27958
1.28968
1.28079
1.27843
1.27689
1.27661
1.27491
1.27517
1.27872
1.28128
1.27602
1.28005
1.27717
1.27832
1.28086
1.2741
1.27159
1.271
1.2711
1.27119
1.27113
1.27154
1.27837
1.27598
1.27971
1.27743
1.27372
1.27079
1.27447
1.27915
1.28553
1.28784
1.28958
1.28648
1.27488
1.26992
1.27281
1.27046
1.27235
1.2744
1.27786
1.28066
1.27732
1.28048
1.27577
1.28776
1.29783
1.30517
1.2885
1.29094
1.29209
1.31008
1.31395
1.30078
1.30287
1.29265
1.29609
1.2874
1.29165
1.29234
1.27869
1.27543
1.2745
1.28341
1.26723
1.27268
1.26493
1.26033
1.25824
1.25862
1.26157
1.2628
1.26258
1.27412
1.27093
1.2736
1.27347
1.26687
1.27568
1.27929
1.27948
1.2759
1.27485
1.26695
1.26043
1.26256
1.2626
1.25955
1.25129
1.25049
1.25099
1.24904
1.24618
1.24812
1.24992
1.24356
1.23836
1.2396
1.2428
1.24242
1.24253
1.24364
1.24336
1.24178
1.24348
1.24226
1.24388
1.247
1.23982
1.23859
1.24019
1.23741
1.23662
