1.25763
1.25616
1.24942
1.24869
1.24347
1.24646
1.24378
1.23914
1.23672
1.23583
1.23697
1.23921
1.23538
1.23472
1.23541
1.23527
1.23647
1.23774
1.23636
1.23661
1.23586
1.23728
1.23906
1.23807
1.24043
1.23804
1.23659
1.23723
1.23731
1.23807
1.23653
1.23542
1.23564
1.23619
1.23619
1.23658
1.23686
1.23802
1.23838
1.23746
1.23768
1.23765
1.23736
1.23748
1.23763
1.24128
1.23731
1.2399
1.23551
1.22935
1.22958
1.22696
1.22619
1.22876
1.2262
1.2179
1.21768
1.2194
1.22368
1.22277
1.22162
1.22138
1.22188
1.22262
1.221
1.21992
1.22089
1.22043
1.22197
1.22553
1.22563
1.22783
1.22103
1.21986
1.22085
1.21773
1.21869
1.21696
1.21669
1.21631
1.21649
1.21656
1.21665
1.21678
1.21691
1.21705
1.21719
1.21733
1.21747
1.22504
1.23285
1.23437
1.22907
1.23585
1.2298
1.23512
1.24358
1.24583
1.24782
1.24635
1.25166
1.25171
1.23956
1.24116
1.25359
1.24906
1.26217
1.26527
1.27882
1.27514
1.25684
1.2691
1.27932
1.28374
1.2893
1.28585
1.27653
1.28241
1.30354
1.29823
1.29835
1.28696
1.28869
1.2992
1.29892
1.31148
1.33035
1.34077
1.36177
1.35657
1.3591
1.36198
1.36789
1.36781
1.37189
1.3629
1.36331
1.35993
1.36224
1.3617
1.36836
1.37064
1.36732
1.36338
1.3512
1.35349
1.35138
1.35047
1.35111
1.3536
1.35746
1.35549
1.3555
1.34726
1.35028
1.35131
1.35284
1.35434
1.35719
1.36012
1.36074
1.34877
1.34735
1.34566
1.34562
1.34547
1.34605
1.3458
1.34589
1.3465
1.34764
1.34967
1.35579
1.35077
1.35166
1.35353
1.349
1.34238
1.34293
1.34132
1.34155
1.35266
1.35658
1.35407
1.35581
1.37261
1.37753
1.38368
1.39456
1.37849
1.38413
1.39193
1.38735
1.38885
1.37179
1.36289
1.35254
1.34545
1.34178
1.3426
1.34525
1.33326
1.33561
1.33031
1.33059
1.32931
1.32853
1.32925
1.33029
1.32789
1.32828
1.32707
1.32791
1.3302
1.33185
1.33021
1.3311
1.32964
1.33039
1.33164
1.33269
1.33579
1.33911
1.33038
1.33073
1.33637
1.33967
1.34409
1.34923
1.3527
1.35454
1.34906
1.34926
1.35075
1.35639
1.36555
1.36017
1.36463
1.36455
1.36108
1.35365
1.34905
1.34765
1.34582
1.34289
1.34665
1.34123
1.33893
1.33485
1.32646
1.32286
1.32031
1.31956
1.31907
1.31852
1.31532
1.31581
1.31612
1.3168
1.31684
1.31683
1.31692
1.31685
1.317
1.31716
1.31944
1.32297
1.32546
1.33401
1.33781
1.33095
1.32169
1.32287
1.32319
1.31881
1.31826
1.31665
1.3111
1.30523
1.29799
1.29657
1.29656
1.29687
1.29638
1.29628
1.29816
1.29794
1.2982
1.29857
1.2972
1.29696
1.29832
1.29824
1.30014
1.30091
1.30119
1.30259
1.30209
1.30388
1.3033
1.30738
1.30101
1.29841
1.29711
1.29753
1.29814
1.29701
1.29707
1.29722
1.30044
1.29902
1.29944
1.29438
1.30288
1.30439
1.31019
1.311
1.30225
1.30625
1.30959
1.30972
1.31048
1.30968
1.31574
1.30788
1.30685
1.31184
1.30844
1.30192
1.3079
1.30963
1.31679
1.31812
1.31405
1.31675
1.30489
1.31143
1.30645
1.30104
1.30472
1.30202
1.29585
1.30343
1.30862
1.30764
1.31195
1.30425
1.30233
1.2987
1.30054
1.31416
1.32672
1.33005
1.33712
1.3412
1.33993
1.34711
1.33961
1.34396
1.34627
1.32511
1.31496
1.31324
1.30942
1.30655
1.30714
1.30403
1.30608
1.30531
1.3098
1.30885
1.31003
1.3111
1.30729
1.30781
1.30745
1.30944
1.30863
1.31474
1.31199
1.31146
1.31658
1.31837
1.32301
1.3168
1.30888
1.31186
1.30762
1.30651
1.30765
1.30628
1.3067
1.30592
1.30519
1.30496
1.3051
1.30526
1.31201
1.31978
1.31423
1.32048
1.32737
1.32161
1.3276
1.32322
1.32709
1.3128
1.32031
1.31781
1.31771
1.31114
1.31214
1.30445
1.29607
1.29332
1.29216
1.29328
1.30164
1.29166
1.28973
1.28842
1.28842
1.2871
1.28773
1.29106
1.29385
1.28766
1.29173
1.2888
1.2904
1.29332
1.28506
1.28181
1.28186
1.28216
1.28266
1.28276
1.28344
1.28623
1.28533
1.28909
1.28715
1.28372
1.28082
1.2846
1.28923
1.29553
1.29826
1.30017
1.29707
1.28457
1.27961
1.28286
1.2805
1.2825
1.28477
1.28866
1.29157
1.28829
1.29199
1.28736
1.2983
1.30777
1.31534
1.29784
1.30057
1.30172
1.31868
1.32256
1.30943
1.31161
1.30136
1.30516
1.2965
1.301
1.30192
1.2879
1.28494
1.28482
1.2932
1.27517
1.28056
1.27328
1.26932
1.26739
1.26799
1.27132
1.27278
1.27287
1.28383
1.28047
1.28344
1.2838
1.27709
1.28572
1.28943
1.28999
1.28662
1.28599
1.27796
1.27132
1.27386
1.2742
1.27152
1.26288
1.26236
1.26322
1.26157
1.25894
1.26121
1.26341
1.25641
1.25011
1.25158
1.25454
1.25472
1.25531
1.25686
1.25709
1.25607
1.25823
1.25757
1.25972
1.26317
1.25494
1.25455
1.25666
1.25467
1.25464
