0
0.00378788
0.00757576
0.0113636
0.0151515
0.0189394
0.0227273
0.0265152
0.030303
0.0340909
0.0378788
0.0416667
0.0454545
0.0492424
0.0530303
0.0568182
0.0606061
0.0643939
0.0681818
0.0719697
0.0757576
0.0795455
0.0833333
0.0871212
0.0909091
0.094697
0.0984848
0.102273
0.106061
0.109848
0.113636
0.117424
0.121212
0.125
0.128788
0.132576
0.136364
0.140152
0.143939
0.147727
0.151515
0.155303
0.159091
0.162879
0.166667
0.170455
0.174242
0.17803
0.181818
0.185606
0.189394
0.193182
0.19697
0.200758
0.204545
0.208333
0.212121
0.215909
0.219697
0.223485
0.227273
0.231061
0.234848
0.238636
0.242424
0.246212
0.25
0.253788
0.257576
0.261364
0.265152
0.268939
0.272727
0.276515
0.280303
0.284091
0.287879
0.291667
0.295455
0.299242
0.30303
0.306818
0.310606
0.314394
0.318182
0.32197
0.325758
0.329545
0.333333
0.337121
0.340909
0.344697
0.348485
0.352273
0.356061
0.359848
0.363636
0.367424
0.371212
0.375
0.378788
0.382576
0.386364
0.390152
0.393939
0.397727
0.401515
0.405303
0.409091
0.412879
0.416667
0.420455
0.424242
0.42803
0.431818
0.435606
0.439394
0.443182
0.44697
0.450758
0.454545
0.458333
0.462121
0.465909
0.469697
0.473485
0.477273
0.481061
0.484848
0.488636
0.492424
0.496212
0.5
0.503788
0.507576
0.511364
0.515152
0.518939
0.522727
0.526515
0.530303
0.534091
0.537879
0.541667
0.545455
0.549242
0.55303
0.556818
0.560606
0.564394
0.568182
0.57197
0.575758
0.579545
0.583333
0.587121
0.590909
0.594697
0.598485
0.602273
0.606061
0.609848
0.613636
0.617424
0.621212
0.625
0.628788
0.632576
0.636364
0.640152
0.643939
0.647727
0.651515
0.655303
0.659091
0.662879
0.666667
0.670455
0.674242
0.67803
0.681818
0.685606
0.689394
0.693182
0.69697
0.700758
0.704545
0.708333
0.712121
0.715909
0.719697
0.723485
0.727273
0.731061
0.734848
0.738636
0.742424
0.746212
0.75
0.753788
0.757576
0.761364
0.765152
0.768939
0.772727
0.776515
0.780303
0.784091
0.787879
0.791667
0.795455
0.799242
0.80303
0.806818
0.810606
0.814394
0.818182
0.82197
0.825758
0.829545
0.833333
0.837121
0.840909
0.844697
0.848485
0.852273
0.856061
0.859848
0.863636
0.867424
0.871212
0.875
0.878788
0.882576
0.886364
0.890152
0.893939
0.897727
0.901515
0.905303
0.909091
0.912879
0.916667
0.920455
0.924242
0.92803
0.931818
0.935606
0.939394
0.943182
0.94697
0.950758
0.954545
0.958333
0.962121
0.965909
0.969697
0.973485
0.977273
0.981061
0.984848
0.988636
0.992424
0.996212
1
1.00379
1.00758
1.01136
1.01515
1.01894
1.02273
1.02652
1.0303
1.03409
1.03788
1.04167
1.04545
1.04924
1.05303
1.05682
1.06061
1.06439
1.06818
1.07197
1.07576
1.07955
1.08333
1.08712
1.09091
1.0947
1.09848
1.10227
1.10606
1.10985
1.11364
1.11742
1.12121
1.125
1.12879
1.13258
1.13636
1.14015
1.14394
1.14773
1.15152
1.1553
1.15909
1.16288
1.16667
1.17045
1.17424
1.17803
1.18182
1.18561
1.18939
1.19318
1.19697
1.20076
1.20455
1.20833
1.21212
1.21591
1.2197
1.22348
1.22727
1.23106
1.23485
1.23864
1.24242
1.24621
1.25
1.25379
1.25758
1.26136
1.26515
1.26894
1.27273
1.27652
1.2803
1.28409
1.28788
1.29167
1.29545
1.29924
1.30303
1.30682
1.31061
1.31439
1.31818
1.32197
1.32576
1.32955
1.33333
1.33712
1.34091
1.3447
1.34848
1.35227
1.35606
1.35985
1.36364
1.36742
1.37121
1.375
1.37879
1.38258
1.38636
1.39015
1.39394
1.39773
1.40152
1.4053
1.40909
1.41288
1.41667
1.42045
1.42424
1.42803
1.43182
1.43561
1.43939
1.44318
1.44697
1.45076
1.45455
1.45833
1.46212
1.46591
1.4697
1.47348
1.47727
1.48106
1.48485
1.48864
1.49242
1.49621
1.5
1.50379
1.50758
1.51136
1.51515
1.51894
1.52273
1.52652
1.5303
1.53409
1.53788
1.54167
1.54545
1.54924
1.55303
1.55682
1.56061
1.56439
1.56818
1.57197
1.57576
1.57955
1.58333
1.58712
1.59091
1.5947
1.59848
1.60227
1.60606
1.60985
1.61364
1.61742
1.62121
1.625
1.62879
1.63258
1.63636
1.64015
1.64394
1.64773
1.65152
1.6553
1.65909
1.66288
1.66667
1.67045
1.67424
1.67803
1.68182
1.68561
1.68939
1.69318
1.69697
1.70076
1.70455
1.70833
1.71212
1.71591
1.7197
1.72348
1.72727
1.73106
1.73485
1.73864
1.74242
1.74621
1.75
1.75379
1.75758
1.76136
1.76515
1.76894
1.77273
1.77652
1.7803
1.78409
1.78788
1.79167
1.79545
1.79924
1.80303
1.80682
1.81061
1.81439
1.81818
1.82197
1.82576
1.82955
1.83333
1.83712
1.84091
1.8447
1.84848
1.85227
1.85606
1.85985
1.86364
1.86742
1.87121
1.875
1.87879
1.88258
1.88636
1.89015
1.89394
1.89773
1.90152
1.9053
1.90909
1.91288
1.91667
1.92045
1.92424
1.92803
1.93182
1.93561
1.93939
1.94318
1.94697
1.95076
1.95455
1.95833
1.96212
1.96591
1.9697
1.97348
1.97727
1.98106
1.98485
1.98864
1.99242
1.99621
2
