102.272
102.726
102.78
102.981
102.852
103.055
103.095
102.875
102.377
102.257
102.282
102.278
102.293
102.44
102.662
103.147
103.306
103.215
103.413
103.257
103.38
103.575
103.648
104.062
104.407
104.8
104.924
104.62
104.674
104.951
104.912
104.615
104.743
104.317
103.95
103.934
104.082
104.208
104.32
103.99
103.924
103.617
103.189
103.31
103.216
102.837
102.892
103.128
103.125
103.092
103.305
103.241
103.262
103.126
103.194
103.467
103.239
103.395
102.973
102.677
102.459
102.411
102.8
103.125
103.185
102.939
102.996
103.054
102.689
102.789
102.943
102.778
102.785
102.903
103.114
102.841
102.724
103.023
102.931
103.098
102.666
102.73
102.453
102.612
102.906
103.089
103.118
103.294
103.383
103.727
103.691
104.144
104.326
103.652
103.124
102.64
102.409
102.261
102.194
102.057
101.829
102.006
101.777
101.681
101.33
101.005
100.957
101.242
101.225
100.969
101.146
101.145
101.025
101.154
101.165
101.117
101.239
101.261
101.199
101.161
101.428
101.246
101.022
101.151
101.199
101.071
101.109
100.802
100.937
100.983
101.065
101.105
100.771
100.52
100.383
100.415
100.356
100.186
100.174
99.9617
100.051
99.9446
99.8856
99.9432
99.9048
99.8235
99.8656
99.8489
99.8894
99.982
100.097
100.068
100.206
100.325
100.53
100.619
100.509
100.112
100.275
100.047
100.02
100.007
100.002
99.9824
100.073
100.005
100.068
100.055
99.981
99.8468
99.8734
99.9135
100.127
100.059
100.105
100.106
100.261
100.411
100.183
100.071
100.337
100.405
100.527
100.461
100.622
100.81
100.886
100.691
100.716
100.518
100.634
100.718
100.694
100.517
100.243
100.162
100.079
100.268
100.447
100.567
100.492
100.414
100.369
100.195
100.255
100.213
100.384
100.283
100.535
100.681
100.69
100.911
101.027
101.113
101.191
101.097
101.017
101.572
102.131
102.164
102.078
102.197
102.583
102.773
102.778
102.777
102.915
103.229
103.503
103.279
103.496
103.886
103.425
103.032
103.361
103.423
103.446
103.792
103.712
103.634
103.09
103.349
103.587
104.158
103.702
103.63
104.144
103.954
104.129
104.361
103.925
103.763
104.068
103.904
104.053
103.424
103.986
103.966
103.935
104.053
104.273
104.202
103.584
103.769
103.666
103.744
103.83
103.796
103.754
103.642
103.582
103.599
103.322
103.412
103.189
102.825
103.072
103.143
102.791
102.796
102.925
103.109
102.936
103.3
103.727
103.522
103.534
103.303
103.162
103.567
104.01
104.245
104.471
104.416
104.271
104.31
104.23
103.845
104.129
103.702
103.24
103.143
103.147
103.19
103.093
103.1
103.389
103.444
103.202
103.334
103.697
103.375
103.341
103.39
103.289
103.232
103.425
103.459
103.448
103.705
103.472
103.736
103.665
103.743
104.04
103.84
104.053
103.838
104.063
103.871
104.452
104.8
104.987
104.764
104.294
104.222
104.08
104.161
104.079
104.489
104.65
104.547
104.326
104.513
104.3
104.122
104.251
104.553
104.546
105.011
104.976
104.82
105.038
104.784
104.846
104.815
104.441
104.518
104.747
104.757
104.861
104.885
105.093
104.776
104.764
104.481
104.372
105.026
105.106
105.548
105.649
105.705
105.975
105.529
105.865
106.219
106.195
105.952
106.391
106.459
106.145
105.948
105.998
106.136
106.263
106.053
106.326
106.491
106.61
106.257
106.309
106.018
105.886
106.286
105.888
106.096
106.15
106.428
106.563
106.86
106.909
106.927
107.146
106.804
107.364
107.068
107.515
107.346
106.914
107.265
107.085
107.126
107.091
107.082
106.611
106.302
106.479
106.193
106.313
105.986
106.138
106.569
106.809
107.141
106.928
106.837
106.969
107.028
107.55
107.651
107.555
107.213
107.196
106.984
106.727
106.83
106.475
106.382
106.806
106.945
106.844
106.639
106.173
106.248
105.667
105.975
106.291
105.833
106.035
105.919
106.2
105.86
105.934
106.174
105.946
105.862
105.999
106.14
106.328
105.966
105.858
105.464
104.901
105.448
105.176
105.029
105.302
105.389
104.961
105.119
105.305
105.429
105.378
105.448
104.936
104.597
104.134
104.168
104.159
104.306
104.494
104.263
104.38
104.545
104.739
105.195
105.341
105.159
105.491
105.531
105.888
105.928
105.906
105.716
106.103
106.114
106.018
106.168
106.143
106.233
106.422
106.304
106.936
107.008
107.287
106.666
106.661
106.546
106.27
106.199
106.108
106.398
106.265
106.168
106.059
106.19
105.866
105.838
105.411
105.49
105.397
105.063
105.232
105.078
104.859
105.105
105.685
106.046
106.138
106.41
106.448
106.679
106.585
106.686
106.467
106.624
106.18
106.221
106.067
106.214
106.397
106.151
106.14
106.099
105.95
106.262
106.037
106.133
106.4
106.475
106.221
106.097
106.177
105.712
105.748
105.676
105.992
105.554
105.355
105.451
105.921
105.848
106.049
105.817
105.9
105.72
105.954
105.496
105.459
105.617
105.597
105.964
105.884
105.522
105.574
105.197
105.324
105.503
105.202
105.249
105.545
105.442
105.089
104.963
105.102
104.905
105.231
105.321
105.174
105.111
105.323
105.409
105.572
105.715
105.531
105.837
105.619
105.827
105.471
105.398
105.478
105.584
105.415
105.015
104.911
105.05
104.64
105.083
105.365
105.371
105.464
105.725
105.946
105.832
105.712
105.843
106.245
106.288
106.174
106.012
105.715
105.418
105.504
105.562
105.63
105.679
105.636
105.605
105.466
105.87
106.203
106.014
105.948
106.433
106.672
106.414
106.611
106.74
106.857
106.687
106.374
106.688
106.852
107.074
107.519
107.302
107.466
107.25
107.546
107.181
106.615
106.344
106.812
106.517
106.59
106.532
107.087
107.229
107.199
107.179
107.306
107.61
107.173
107.068
107.029
106.837
106.656
106.658
106.555
106.272
106.358
106.228
106.143
105.797
105.594
105.742
105.419
105.292
105.502
105.127
105.021
104.908
104.867
104.933
104.793
104.94
105.054
104.766
104.543
104.335
104.308
104.208
104.104
104.203
104.568
104.651
104.8
104.672
104.535
104.584
104.699
104.663
104.592
104.357
104.458
104.65
104.736
104.498
104.354
104.425
104.282
104.491
104.732
104.93
105.058
105.461
105.577
105.581
105.865
106.188
106.613
106.612
106.631
106.267
106.472
106.503
106.562
106.537
106.541
106.654
106.808
106.802
106.835
106.647
106.55
106.435
106.085
106.155
106.105
106.413
106.44
106.506
106.662
106.538
106.228
106.012
105.874
105.466
105.051
104.789
104.79
104.937
104.81
104.905
104.814
105.102
104.948
105.073
105.213
105.213
105.104
105.555
105.849
105.602
105.314
105.482
105.269
105.266
105.149
105.295
104.945
105.098
105.231
105.268
105.427
105.321
105.532
105.36
105.142
104.87
104.811
104.896
105.006
104.918
104.973
104.712
104.881
104.757
105.047
104.755
104.556
104.774
104.957
105.012
104.899
104.819
104.692
104.505
104.723
104.788
105.062
105.03
105.023
105.012
105.139
105.173
105.209
105.026
104.931
104.984
105.304
105.266
105.2
105.152
105.139
105.183
105.205
105.36
105.39
105.159
105.243
105.236
105.634
105.576
105.401
104.896
104.543
104.28
104.477
104.385
104.382
103.972
104.013
104.007
104.136
104.377
104.325
104.378
104.275
104.53
104.788
104.526
104.528
104.506
104.407
104.564
104.323
104.286
104.23
104.349
104.181
104.329
104.618
104.616
104.717
104.613
104.548
104.65
104.63
104.636
104.568
104.698
104.695
104.509
104.564
104.852
104.902
104.866
104.694
104.778
104.765
104.872
104.872
104.995
105.01
104.909
105.019
105.166
104.993
104.829
104.891
104.756
104.701
104.897
104.815
104.589
104.452
104.315
104.263
104.189
104.262
104.304
104.383
104.08
103.99
104.087
103.975
103.767
103.918
103.768
103.709
103.575
103.534
103.234
103.442
103.406
103.483
103.422
103.548
104.009
104.018
104.064
104.082
104.252
104.259
104.191
104.07
104.403
104.198
103.764
103.824
103.501
103.639
103.831
103.757
103.688
103.484
103.212
103.264
103.364
103.395
103.289
103.278
103.148
103.178
103.121
103.287
103.346
103.225
103.218
103.26
103.244
103.205
103.024
102.9
102.854
102.827
102.651
102.725
102.723
102.63
102.805
102.864
103.074
103.22
103.333
103.144
103.065
102.991
103.024
102.869
103.107
103.097
103.235
103.167
103.222
103.236
103.215
103.004
103.033
103.014
103.073
103.011
102.961
102.867
102.997
102.927
102.671
102.638
102.661
102.696
102.809
102.792
102.697
102.878
102.918
103.013
103.058
103.184
102.971
103.213
103.173
103.028
102.973
102.848
102.719
102.732
102.698
102.497
102.474
102.489
102.513
102.458
102.378
102.33
102.312
102.264
102.345
102.301
102.403
102.432
102.356
102.379
102.393
102.375
102.43
102.436
102.507
102.607
102.532
102.562
102.611
102.726
102.688
102.688
102.751
102.687
102.839
102.776
102.757
102.68
102.499
102.594
102.553
102.589
102.561
102.595
102.57
102.513
102.546
102.464
102.47
102.478
102.492
102.282
102.304
102.269
102.412
102.396
102.413
102.616
102.587
102.66
102.759
102.713
102.746
102.607
102.713
102.809
102.864
102.727
102.725
102.845
102.758
102.753
102.778
102.983
102.862
102.964
102.999
103.117
103.08
103.214
103.077
103.03
103.254
103.292
103.275
103.191
103.275
103.349
103.145
103.364
103.329
103.14
103.151
103.091
103.124
103.312
103.318
103.241
103.015
102.832
102.916
102.867
102.9
102.864
102.825
102.823
102.77
102.71
102.823
102.942
102.907
102.866
102.761
102.709
102.77
102.631
102.584
102.602
102.554
102.665
102.666
102.776
102.638
102.616
102.662
102.631
102.626
102.605
102.502
102.504
102.626
102.562
102.653
102.494
102.575
102.604
102.631
102.585
102.612
102.694
102.591
102.742
102.797
102.809
102.656
102.649
102.678
102.778
102.739
102.744
102.735
102.836
102.863
103.003
103.043
103.073
103.25
103.025
102.985
102.953
102.799
102.634
102.7
102.728
102.763
102.706
102.734
102.897
102.967
102.906
102.987
102.891
102.899
102.777
102.815
102.761
102.739
102.648
102.664
102.662
102.711
102.798
102.788
102.909
102.97
102.882
102.805
102.888
102.779
102.73
102.772
102.737
102.641
102.494
102.434
102.401
102.346
102.181
102.246
102.28
102.372
102.4
102.377
102.536
102.447
102.41
102.412
102.393
102.365
102.331
102.34
102.35
102.375
102.434
102.424
102.458
102.338
102.39
102.415
102.329
102.324
102.285
102.235
102.153
102.178
102.119
102.109
102.019
102.022
101.926
101.931
101.944
102.052
102.007
102.005
102.015
102.097
102.045
102.068
102.045
102.085
102.103
102.039
102.066
102.099
102.129
102.079
102.111
102.134
102.083
102.109
102.19
102.149
102.193
102.209
102.246
102.244
102.254
102.265
102.217
102.18
102.146
102.097
102.133
102.13
102.105
102.115
102.131
102.197
102.267
102.22
102.207
102.19
102.223
102.202
102.252
102.214
102.208
102.249
102.207
102.304
102.326
102.402
102.366
102.396
102.456
102.425
102.431
102.478
102.466
102.528
102.509
102.498
102.473
102.435
102.444
102.531
102.522
102.493
102.396
102.414
102.468
102.553
102.467
102.528
102.606
102.577
102.558
102.664
102.765
102.806
102.853
102.917
102.744
102.737
102.767
102.83
102.895
103.008
102.929
102.84
102.782
102.635
102.636
102.64
102.692
102.719
102.682
102.648
102.677
102.715
102.729
102.667
102.632
102.624
102.641
102.585
102.615
102.642
102.685
102.786
102.754
102.692
102.781
102.776
102.853
102.912
102.906
102.926
102.911
102.974
103.018
103.03
102.935
103.013
102.958
102.962
103.008
103.104
103.074
103.184
103.211
103.191
103.282
103.263
103.274
103.197
103.13
103.1
103.139
103.237
103.211
103.087
103.241
103.393
103.415
103.382
103.236
103.2
103.165
103.068
103.055
103.109
103.051
103.045
102.945
102.879
102.824
102.9
102.883
102.861
102.867
102.969
102.912
102.737
102.779
102.874
102.88
102.955
102.859
102.785
102.85
102.774
102.766
102.8
102.839
102.912
102.896
102.925
102.847
102.742
102.827
102.861
102.829
102.746
102.626
102.621
102.51
102.552
102.497
102.591
102.651
102.572
102.547
102.532
102.619
102.733
102.855
102.919
102.804
102.824
102.928
102.98
103.036
103.194
103.232
103.316
103.198
103.093
103.075
103.161
103.116
103.044
103.003
102.976
102.935
102.92
102.926
102.797
102.712
102.668
102.585
102.556
102.49
102.532
102.565
102.658
102.686
102.701
102.684
102.649
102.692
102.637
102.65
102.642
102.686
102.7
102.785
102.645
102.549
102.547
102.591
102.639
102.674
102.773
102.799
102.887
102.965
103.033
103.091
103.096
103.103
103.223
103.227
103.258
103.213
103.179
103.151
103.263
103.345
103.336
103.463
103.435
103.502
103.323
103.437
103.433
103.416
103.465
103.516
103.576
103.61
103.563
103.423
103.536
103.451
103.664
103.729
103.766
104.061
104.187
104.324
104.076
104.123
104.26
103.992
103.819
103.786
103.744
103.638
103.56
103.61
103.472
103.613
103.549
103.585
103.537
103.512
103.554
103.599
103.609
103.578
103.609
103.42
103.505
103.636
103.689
103.601
103.506
103.539
103.579
103.619
103.643
103.683
103.637
103.576
103.462
103.424
103.473
103.499
103.624
103.554
103.544
103.557
103.525
103.521
103.436
103.331
103.248
103.346
103.372
103.318
103.386
103.248
103.166
103.197
103.134
103.028
103.135
103.163
103.183
103.059
103.111
103.08
102.959
103.003
102.908
102.914
102.966
102.967
102.915
102.945
102.943
102.923
103.062
103.174
103.133
103.241
103.118
103.261
103.455
103.399
103.376
103.327
103.266
103.265
103.267
103.288
103.305
103.271
103.278
103.198
103.229
103.223
103.332
103.319
103.412
103.414
103.413
103.438
103.415
103.322
103.321
103.352
103.317
103.153
103.127
103.124
103.094
103.066
103.066
103.031
103.068
103.029
103.01
103.007
102.991
102.974
102.955
103.017
103.105
103.098
103.102
103.116
103.132
103.208
103.265
103.253
103.183
103.155
103.015
103.056
103.016
103.018
102.979
102.988
103.021
102.992
103.046
102.987
103.069
103.062
103.026
103.002
103.043
103.172
103.181
103.085
103.123
103.127
103.128
103.124
103.028
103.084
103.029
103.081
103.052
103.033
103.086
103.014
102.888
102.882
102.852
102.862
102.925
102.911
102.936
102.906
102.882
102.84
102.89
102.942
102.914
102.929
102.95
102.918
102.885
102.886
102.885
102.87
102.933
103.004
102.925
102.934
102.891
102.878
102.952
102.909
102.918
102.947
102.967
103.049
103.102
103.143
103.024
103.043
103.101
103.054
102.99
102.95
102.875
102.868
102.855
102.839
102.873
102.888
102.953
102.908
102.869
102.837
102.819
102.794
102.806
102.792
102.78
102.802
102.774
102.766
102.758
102.748
102.764
102.741
102.772
102.754
102.755
102.762
102.716
102.706
102.695
102.666
102.661
102.668
102.688
102.69
102.685
102.707
102.706
102.732
102.746
102.751
102.771
102.75
102.755
102.764
102.769
102.736
102.754
102.745
102.759
102.775
102.788
102.761
102.77
102.778
102.784
102.786
102.809
102.831
102.833
102.811
102.792
102.843
102.869
102.899
102.886
102.93
102.92
102.935
102.96
103.02
102.958
103.011
102.986
103.029
103.067
103.03
103.06
103.064
103.045
103.048
102.962
102.876
102.872
102.838
102.811
102.795
102.801
102.787
102.776
102.765
102.744
102.734
102.752
102.764
102.768
102.768
102.745
102.753
102.757
102.732
102.749
102.745
102.761
102.755
102.753
102.789
102.8
102.826
102.833
102.853
102.888
102.905
102.913
102.882
102.857
102.853
102.829
102.845
102.868
102.899
102.908
102.901
102.899
102.918
102.92
102.937
102.981
102.947
102.977
103.081
103.082
103.063
102.996
102.953
102.921
102.926
102.894
102.925
102.942
102.888
102.893
102.963
102.985
102.96
102.956
103.031
103.007
102.982
102.963
102.972
103.007
102.958
102.997
103.025
103.04
103.013
102.977
102.976
102.954
102.972
103.023
103.016
103.04
103.037
103.083
103.04
103.039
103.025
103.011
102.965
102.981
102.982
102.957
102.97
102.978
102.99
102.968
103.001
102.948
102.959
102.98
102.983
103.007
103.029
103.018
103.06
103.082
103.113
103.113
103.116
103.114
103.068
103.124
103.117
103.132
103.125
103.104
103.154
103.161
103.218
103.323
103.348
103.334
103.304
103.339
103.36
103.363
103.344
103.307
103.375
103.408
103.39
103.396
103.412
103.472
103.485
103.511
103.57
103.52
103.536
103.483
103.534
103.511
103.518
103.559
103.641
103.639
103.697
103.757
103.708
103.677
103.706
103.668
103.612
103.645
103.512
103.513
103.559
103.561
103.542
103.516
103.499
103.436
103.412
103.393
103.378
103.374
103.307
103.295
103.299
103.285
103.352
103.344
103.271
103.282
103.28
103.219
103.222
103.218
103.239
103.246
103.225
103.234
103.216
103.241
103.235
103.198
103.271
103.255
103.243
103.279
103.256
103.241
103.25
103.301
103.216
103.25
103.217
103.224
103.257
103.26
103.262
103.271
103.245
103.237
103.231
103.235
103.23
103.276
103.271
103.238
103.26
103.256
103.232
103.231
103.248
103.251
103.265
103.251
103.252
103.263
103.261
103.288
103.306
103.314
103.307
103.279
103.256
103.268
103.261
103.266
103.271
103.275
103.258
103.251
103.247
103.263
103.291
103.293
103.25
103.256
103.241
103.248
103.243
103.242
103.259
103.259
103.259
103.295
103.295
103.307
103.293
103.316
103.317
103.307
103.323
103.34
103.358
103.352
103.342
103.337
103.32
103.327
103.341
103.332
103.316
103.301
103.325
103.332
103.301
103.336
103.334
103.335
103.313
103.309
103.342
103.32
103.312
103.342
103.361
103.371
103.362
103.363
103.379
103.33
103.342
103.351
103.324
103.362
103.385
103.399
103.384
103.333
103.3
103.285
103.291
103.285
103.291
103.287
103.319
103.301
103.297
103.273
103.28
103.269
103.269
103.297
103.32
103.341
103.349
103.355
103.35
103.366
103.386
103.399
103.402
103.391
103.397
103.366
103.345
103.367
103.397
103.424
103.464
103.501
103.509
103.519
103.515
103.539
103.526
