102.272
102.747
102.789
103.022
102.901
103.025
103.129
102.875
102.411
102.239
102.289
102.261
102.311
102.451
102.662
103.164
103.29
103.187
103.435
103.282
103.359
103.589
103.658
104.081
104.425
104.832
104.934
104.651
104.656
104.961
104.894
104.603
104.718
104.277
103.896
103.915
104.075
104.212
104.304
103.951
103.873
103.572
103.189
103.286
103.18
102.805
102.851
103.109
103.128
103.062
103.239
103.218
103.216
103.096
103.146
103.426
103.229
103.34
102.908
102.667
102.415
102.371
102.753
103.055
103.136
102.914
102.937
102.998
102.636
102.736
102.892
102.72
102.722
102.81
103.024
102.796
102.664
102.951
102.867
103.02
102.624
102.659
102.388
102.517
102.796
103.028
103.039
103.209
103.286
103.632
103.591
104.043
104.221
103.608
103.064
102.56
102.349
102.198
102.101
102.003
101.765
101.953
101.713
101.642
101.266
100.96
100.884
101.203
101.177
100.926
101.099
101.098
100.961
101.094
101.125
101.034
101.182
101.189
101.129
101.098
101.361
101.174
100.935
101.07
101.112
100.984
101.029
100.718
100.861
100.911
100.98
101.03
100.672
100.435
100.276
100.334
100.264
100.103
100.1
99.87
99.9505
99.8696
99.7868
99.8372
99.8377
99.7252
99.782
99.7211
99.8006
99.8532
99.9888
99.9673
100.11
100.237
100.401
100.506
100.42
100.012
100.167
99.9502
99.9549
99.9214
99.9085
99.8694
99.975
99.8937
99.9632
99.9589
99.8725
99.7337
99.7616
99.7948
99.9868
99.9476
99.968
100
100.153
100.314
100.085
99.9444
100.235
100.307
100.406
100.356
100.499
100.689
100.771
100.575
100.592
100.411
100.55
100.589
100.549
100.398
100.126
100.04
99.9764
100.161
100.339
100.469
100.379
100.304
100.227
100.042
100.138
100.068
100.249
100.153
100.411
100.55
100.549
100.771
100.881
100.979
101.06
100.934
100.888
101.492
102.037
102.078
101.951
102.089
102.49
102.697
102.652
102.659
102.793
103.121
103.391
103.19
103.404
103.775
103.325
102.927
103.266
103.344
103.354
103.692
103.602
103.528
103.009
103.242
103.446
104.055
103.614
103.538
104.043
103.878
104.023
104.265
103.837
103.696
103.954
103.797
103.94
103.328
103.907
103.889
103.882
103.939
104.166
104.092
103.46
103.686
103.571
103.664
103.755
103.672
103.629
103.548
103.458
103.465
103.219
103.287
103.087
102.73
102.972
103.056
102.682
102.677
102.794
102.987
102.807
103.196
103.624
103.418
103.42
103.2
102.999
103.452
103.9
104.16
104.34
104.279
104.119
104.198
104.121
103.759
104.012
103.573
103.105
103.06
103.036
103.048
102.965
102.976
103.264
103.3
103.079
103.198
103.573
103.246
103.186
103.294
103.155
103.101
103.288
103.312
103.315
103.578
103.32
103.59
103.512
103.622
103.886
103.665
103.891
103.688
103.916
103.72
104.311
104.634
104.869
104.626
104.12
104.059
103.917
103.999
103.921
104.335
104.478
104.375
104.137
104.342
104.121
103.961
104.092
104.375
104.379
104.799
104.819
104.662
104.881
104.571
104.672
104.624
104.253
104.35
104.527
104.545
104.637
104.68
104.885
104.571
104.578
104.292
104.165
104.837
104.887
105.343
105.47
105.552
105.784
105.327
105.665
106.026
105.995
105.759
106.197
106.268
105.914
105.739
105.759
105.921
106.047
105.793
106.084
106.257
106.347
106.053
106.114
105.803
105.669
106.066
105.683
105.872
105.923
106.205
106.35
106.617
106.701
106.659
106.914
106.544
107.092
106.875
107.29
107.103
106.65
107.063
106.85
106.888
106.892
106.828
106.354
106.057
106.249
105.952
106.047
105.731
105.885
106.335
106.541
106.926
106.665
106.569
106.73
106.777
107.32
107.396
107.305
106.948
106.91
106.735
106.457
106.579
106.221
106.101
106.525
106.653
106.551
106.346
105.871
105.977
105.391
105.737
106.004
105.555
105.726
105.62
105.961
105.604
105.664
105.901
105.646
105.618
105.709
105.847
106.049
105.68
105.606
105.171
104.629
105.153
104.895
104.717
105.023
105.085
104.698
104.833
105.019
105.13
105.087
105.13
104.648
104.289
103.862
103.881
103.893
104.038
104.207
103.979
104.035
104.25
104.45
104.899
105.054
104.87
105.186
105.222
105.608
105.627
105.583
105.417
105.809
105.764
105.715
105.868
105.806
105.921
106.1
105.97
106.625
106.695
106.964
106.339
106.336
106.204
105.919
105.9
105.784
106.076
105.93
105.829
105.741
105.843
105.518
105.508
105.099
105.157
105.049
104.716
104.873
104.753
104.507
104.776
105.327
105.715
105.794
106.04
106.123
106.345
106.248
106.333
106.09
106.279
105.855
105.884
105.7
105.858
106.004
105.815
105.764
105.723
105.6
105.903
105.66
105.769
106.048
106.132
105.861
105.733
105.82
105.319
105.383
105.285
105.59
105.163
104.968
105.076
105.521
105.492
105.646
105.462
105.517
105.314
105.569
105.129
105.058
105.224
105.201
105.587
105.504
105.133
105.191
104.813
104.907
105.095
104.813
104.832
105.148
105.036
104.694
104.599
104.698
104.517
104.82
104.9
104.777
104.712
104.894
105.015
105.156
105.302
105.117
105.413
105.204
105.401
105.041
104.992
105.05
105.18
104.979
104.622
104.482
104.625
104.228
104.634
104.947
104.96
105.038
105.286
105.516
105.389
105.275
105.405
105.805
105.847
105.741
105.55
105.262
104.986
105.061
105.128
105.187
105.208
105.183
105.152
105.034
105.42
105.733
105.565
105.501
105.98
106.201
105.948
106.168
106.279
106.386
106.205
105.914
106.229
106.386
106.624
107.063
106.862
106.999
106.792
107.043
106.709
106.191
105.871
106.338
106.036
106.126
106.064
106.642
106.737
106.714
106.68
106.819
107.144
106.693
106.562
106.586
106.352
106.177
106.163
106.063
105.764
105.862
105.739
105.675
105.288
105.09
105.239
104.918
104.801
104.996
104.652
104.518
104.386
104.374
104.434
104.284
104.434
104.546
104.264
104.043
103.83
103.792
103.692
103.597
103.703
104.047
104.131
104.303
104.15
104.007
104.072
104.174
104.133
104.054
103.838
103.923
104.112
104.197
103.97
103.808
103.881
103.742
103.962
104.204
104.412
104.525
104.94
105.049
105.027
105.336
105.652
106.078
106.049
106.103
105.729
105.932
105.92
106.015
106.004
106.013
106.094
106.23
106.248
106.268
106.103
105.998
105.891
105.547
105.592
105.544
105.832
105.873
105.934
106.102
105.962
105.662
105.408
105.298
104.894
104.477
104.217
104.226
104.349
104.256
104.34
104.22
104.54
104.37
104.483
104.639
104.625
104.517
104.967
105.271
104.998
104.722
104.922
104.69
104.693
104.568
104.679
104.321
104.528
104.655
104.669
104.841
104.708
104.928
104.755
104.539
104.262
104.197
104.296
104.394
104.292
104.369
104.104
104.272
104.15
104.427
104.128
103.95
104.151
104.354
104.399
104.281
104.197
104.077
103.873
104.105
104.155
104.451
104.399
104.404
104.38
104.505
104.517
104.587
104.402
104.282
104.341
104.692
104.64
104.545
104.513
104.471
104.546
104.557
104.71
104.744
104.502
104.599
104.588
104.971
104.913
104.741
104.25
103.897
103.647
103.829
103.758
103.729
103.337
103.36
103.369
103.491
103.723
103.676
103.717
103.618
103.892
104.111
103.884
103.872
103.839
103.761
103.917
103.674
103.613
103.568
103.681
103.518
103.669
103.971
103.952
104.063
103.948
103.894
103.984
103.969
103.952
103.893
104.004
104.013
103.839
103.873
104.171
104.201
104.164
103.997
104.076
104.066
104.186
104.181
104.299
104.304
104.211
104.303
104.462
104.307
104.122
104.185
104.048
103.993
104.214
104.094
103.878
103.73
103.607
103.558
103.453
103.535
103.575
103.644
103.354
103.265
103.373
103.254
103.048
103.19
103.057
102.97
102.86
102.808
102.513
102.717
102.683
102.762
102.684
102.824
103.292
103.297
103.354
103.347
103.527
103.553
103.463
103.352
103.694
103.489
103.061
103.108
102.793
102.94
103.127
103.032
102.979
102.774
102.513
102.564
102.651
102.681
102.579
102.569
102.447
102.457
102.406
102.567
102.636
102.506
102.506
102.528
102.516
102.477
102.299
102.189
102.124
102.098
101.93
101.996
101.99
101.895
102.088
102.142
102.354
102.515
102.612
102.428
102.339
102.273
102.298
102.153
102.391
102.385
102.518
102.453
102.504
102.522
102.491
102.278
102.31
102.308
102.343
102.292
102.231
102.136
102.267
102.203
101.943
101.92
101.932
101.978
102.08
102.052
101.963
102.136
102.201
102.282
102.319
102.458
102.245
102.499
102.454
102.31
102.262
102.128
102.01
102.012
101.972
101.774
101.752
101.767
101.787
101.727
101.653
101.618
101.593
101.537
101.615
101.571
101.674
101.705
101.632
101.643
101.652
101.641
101.692
101.701
101.746
101.866
101.79
101.818
101.865
101.98
101.93
101.935
101.998
101.933
102.083
102.015
101.988
101.924
101.761
101.844
101.798
101.836
101.807
101.835
101.802
101.745
101.781
101.704
101.696
101.711
101.716
101.516
101.547
101.504
101.652
101.629
101.65
101.854
101.836
101.902
102.005
101.958
101.98
101.843
101.957
102.055
102.111
101.987
101.968
102.087
102.01
101.985
102.01
102.218
102.11
102.208
102.258
102.358
102.319
102.465
102.319
102.267
102.493
102.533
102.518
102.435
102.511
102.589
102.386
102.608
102.577
102.38
102.391
102.335
102.359
102.564
102.562
102.492
102.265
102.078
102.164
102.124
102.141
102.109
102.07
102.068
102.009
101.949
102.064
102.193
102.149
102.108
101.995
101.94
102.002
101.871
101.817
101.832
101.785
101.898
101.9
102.013
101.872
101.844
101.885
101.859
101.854
101.83
101.723
101.726
101.848
101.788
101.872
101.723
101.805
101.831
101.857
101.811
101.835
101.92
101.82
101.961
102.029
102.03
101.882
101.871
101.902
102.001
101.962
101.954
101.941
102.054
102.074
102.223
102.264
102.278
102.464
102.249
102.208
102.17
102.03
101.859
101.919
101.95
101.984
101.925
101.949
102.114
102.187
102.13
102.202
102.101
102.103
101.995
102.02
101.968
101.948
101.853
101.87
101.863
101.913
102.001
101.987
102.111
102.169
102.087
102.012
102.078
101.982
101.925
101.958
101.928
101.832
101.692
101.628
101.593
101.535
101.385
101.444
101.488
101.57
101.598
101.574
101.739
101.654
101.609
101.617
101.587
101.576
101.525
101.535
101.541
101.565
101.628
101.618
101.651
101.525
101.581
101.61
101.522
101.516
101.477
101.428
101.347
101.368
101.307
101.297
101.208
101.212
101.129
101.131
101.142
101.255
101.208
101.207
101.216
101.293
101.251
101.268
101.245
101.288
101.301
101.24
101.262
101.297
101.331
101.276
101.31
101.327
101.279
101.302
101.384
101.345
101.391
101.398
101.442
101.436
101.45
101.454
101.408
101.368
101.34
101.285
101.324
101.314
101.292
101.3
101.313
101.382
101.452
101.404
101.392
101.375
101.406
101.379
101.43
101.389
101.389
101.426
101.381
101.487
101.505
101.577
101.542
101.572
101.632
101.602
101.606
101.652
101.642
101.707
101.683
101.659
101.627
101.601
101.604
101.693
101.682
101.656
101.557
101.578
101.627
101.715
101.631
101.69
101.767
101.739
101.713
101.821
101.925
101.968
102.014
102.068
101.908
101.904
101.931
101.994
102.056
102.165
102.086
101.989
101.937
101.803
101.794
101.799
101.847
101.868
101.828
101.805
101.822
101.858
101.881
101.816
101.774
101.765
101.777
101.724
101.751
101.781
101.827
101.927
101.891
101.826
101.918
101.918
101.994
102.045
102.039
102.054
102.038
102.107
102.152
102.159
102.067
102.138
102.084
102.092
102.133
102.229
102.197
102.31
102.324
102.31
102.402
102.38
102.389
102.314
102.236
102.212
102.257
102.351
102.324
102.198
102.358
102.518
102.534
102.504
102.352
102.314
102.276
102.185
102.164
102.212
102.157
102.153
102.056
101.985
101.925
102.003
101.988
101.964
101.974
102.077
102.011
101.847
101.884
101.977
101.981
102.065
101.963
101.895
101.964
101.885
101.873
101.904
101.941
102.012
101.999
102.023
101.942
101.841
101.919
101.957
101.924
101.84
101.724
101.721
101.619
101.655
101.598
101.696
101.756
101.679
101.646
101.634
101.728
101.845
101.969
102.033
101.92
101.939
102.034
102.091
102.147
102.311
102.348
102.434
102.314
102.207
102.188
102.272
102.226
102.152
102.112
102.081
102.042
102.021
102.024
101.898
101.815
101.771
101.691
101.66
101.598
101.634
101.671
101.762
101.787
101.803
101.783
101.743
101.791
101.738
101.749
101.734
101.78
101.792
101.88
101.747
101.65
101.651
101.689
101.739
101.772
101.878
101.898
101.99
102.066
102.142
102.189
102.198
102.206
102.319
102.328
102.357
102.307
102.277
102.246
102.358
102.437
102.429
102.559
102.526
102.595
102.418
102.533
102.53
102.51
102.559
102.607
102.659
102.7
102.651
102.517
102.622
102.541
102.762
102.822
102.859
103.153
103.281
103.421
103.171
103.218
103.362
103.093
102.924
102.891
102.853
102.74
102.658
102.71
102.569
102.713
102.651
102.683
102.641
102.608
102.654
102.689
102.702
102.674
102.703
102.521
102.602
102.737
102.785
102.697
102.604
102.633
102.667
102.713
102.728
102.78
102.724
102.657
102.552
102.51
102.559
102.586
102.709
102.636
102.625
102.637
102.597
102.595
102.517
102.407
102.322
102.425
102.455
102.391
102.462
102.325
102.243
102.27
102.207
102.098
102.214
102.241
102.256
102.135
102.184
102.149
102.034
102.083
101.982
101.987
102.037
102.034
101.986
102.009
102.004
101.985
102.129
102.244
102.197
102.307
102.187
102.33
102.532
102.469
102.448
102.39
102.341
102.333
102.34
102.354
102.369
102.337
102.343
102.266
102.289
102.285
102.394
102.378
102.474
102.477
102.471
102.501
102.479
102.383
102.381
102.41
102.373
102.213
102.189
102.188
102.156
102.121
102.126
102.087
102.125
102.085
102.066
102.064
102.042
102.021
102.001
102.07
102.155
102.15
102.153
102.162
102.181
102.258
102.315
102.299
102.226
102.199
102.066
102.105
102.067
102.063
102.028
102.032
102.068
102.039
102.09
102.032
102.116
102.11
102.068
102.047
102.084
102.223
102.225
102.136
102.171
102.177
102.172
102.168
102.079
102.132
102.075
102.129
102.099
102.08
102.128
102.06
101.942
101.934
101.902
101.914
101.973
101.959
101.983
101.955
101.932
101.886
101.937
101.991
101.963
101.976
101.993
101.965
101.931
101.927
101.926
101.909
101.976
102.047
101.971
101.982
101.936
101.926
102.001
101.955
101.965
101.992
102.012
102.096
102.146
102.188
102.071
102.093
102.152
102.102
102.04
101.998
101.928
101.918
101.902
101.888
101.917
101.935
102.001
101.957
101.916
101.887
101.869
101.843
101.856
101.838
101.825
101.845
101.819
101.809
101.802
101.793
101.808
101.782
101.815
101.796
101.799
101.805
101.759
101.748
101.738
101.71
101.704
101.709
101.731
101.732
101.728
101.749
101.747
101.775
101.788
101.79
101.811
101.791
101.793
101.803
101.807
101.775
101.793
101.784
101.798
101.812
101.824
101.798
101.805
101.811
101.818
101.82
101.844
101.864
101.865
101.841
101.823
101.878
101.903
101.932
101.919
101.967
101.951
101.969
101.991
102.053
101.993
102.051
102.02
102.065
102.103
102.067
102.096
102.099
102.081
102.081
102
101.919
101.914
101.879
101.851
101.836
101.842
101.827
101.817
101.805
101.784
101.774
101.793
101.803
101.807
101.806
101.784
101.791
101.794
101.772
101.788
101.784
101.802
101.794
101.79
101.832
101.842
101.869
101.875
101.894
101.932
101.946
101.953
101.923
101.898
101.892
101.868
101.884
101.906
101.937
101.948
101.939
101.935
101.953
101.95
101.968
102.014
101.98
102.012
102.127
102.128
102.106
102.04
102.002
101.97
101.972
101.94
101.973
101.987
101.939
101.941
102.028
102.048
102.023
102.014
102.102
102.078
102.052
102.034
102.043
102.078
102.03
102.074
102.099
102.115
102.087
102.053
102.05
102.028
102.045
102.099
102.092
102.113
102.109
102.158
102.116
102.113
102.098
102.086
102.041
102.058
102.056
102.032
102.044
102.051
102.064
102.04
102.075
102.025
102.035
102.056
102.058
102.081
102.104
102.093
102.136
102.156
102.189
102.188
102.19
102.186
102.142
102.201
102.192
102.207
102.2
102.178
102.229
102.235
102.293
102.402
102.425
102.413
102.383
102.417
102.438
102.439
102.421
102.383
102.452
102.484
102.464
102.471
102.489
102.548
102.56
102.584
102.644
102.594
102.61
102.556
102.607
102.585
102.59
102.633
102.715
102.711
102.77
102.83
102.781
102.749
102.778
102.738
102.686
102.716
102.584
102.586
102.629
102.633
102.614
102.586
102.57
102.507
102.483
102.463
102.447
102.442
102.377
102.364
102.367
102.352
102.421
102.412
102.339
102.35
102.348
102.286
102.29
102.286
102.304
102.309
102.288
102.299
102.28
102.303
102.296
102.261
102.334
102.318
102.306
102.341
102.317
102.302
102.31
102.362
102.278
102.312
102.277
102.286
102.319
102.322
102.324
102.331
102.306
102.298
102.292
102.295
102.291
102.338
102.333
102.3
102.322
102.318
102.295
102.294
102.311
102.314
102.327
102.312
102.314
102.323
102.321
102.348
102.366
102.374
102.366
102.339
102.318
102.328
102.321
102.326
102.33
102.333
102.317
102.309
102.306
102.321
102.349
102.351
102.31
102.316
102.3
102.307
102.302
102.3
102.317
102.317
102.316
102.354
102.352
102.365
102.351
102.374
102.375
102.364
102.38
102.397
102.415
102.408
102.398
102.393
102.376
102.383
102.396
102.386
102.371
102.356
102.379
102.386
102.355
102.392
102.39
102.39
102.368
102.364
102.398
102.375
102.366
102.397
102.416
102.426
102.417
102.417
102.433
102.386
102.397
102.406
102.379
102.418
102.442
102.456
102.44
102.391
102.359
102.344
102.349
102.342
102.348
102.344
102.377
102.359
102.355
102.331
102.338
102.327
102.326
102.356
102.38
102.401
102.408
102.414
102.408
102.424
102.445
102.457
102.46
102.449
102.454
102.423
102.402
102.424
102.454
102.482
102.521
102.557
102.566
102.575
102.571
102.596
102.583
