0.311181
0.302269
0.284261
0.284348
0.270312
0.259667
0.253155
0.247456
0.244909
0.241926
0.231616
0.235049
0.235655
0.238157
0.233992
0.219246
0.216999
0.224786
0.232727
0.230146
0.233434
0.240491
0.232237
0.236038
0.240965
0.242397
0.249823
0.243519
0.241668
0.240772
0.227938
0.227217
0.228935
0.206982
0.202043
0.200078
0.186995
0.175546
0.17541
0.175982
0.173704
0.175621
0.177227
0.174769
0.167047
0.167836
0.165147
0.162896
0.176741
0.176078
0.184604
0.191945
0.187434
0.193201
0.201442
0.190138
0.184628
0.190158
0.18856
0.185006
0.172277
0.167143
0.17253
0.170451
0.165927
0.181089
0.180103
0.192904
0.197417
0.184674
0.19006
0.175947
0.162761
0.161909
0.158194
0.146463
0.141181
0.141343
0.143099
0.156597
0.153395
0.163447
0.166938
0.17055
0.168609
0.170102
0.165317
0.169644
0.17364
0.170163
0.175569
0.168495
0.172419
0.166345
0.182741
0.173736
0.180072
0.179523
0.173094
0.172951
0.16546
0.181385
0.175344
0.167286
0.15919
0.160805
0.164854
0.160271
0.160433
0.148319
0.145472
0.153176
0.149555
0.157875
0.155501
0.154556
0.158336
0.163972
0.172101
0.181292
0.176596
0.190473
0.196345
0.203709
0.200907
0.208683
0.209334
0.217486
0.22745
0.232597
0.232878
0.225304
0.214011
0.218286
0.212703
0.211202
0.201857
0.204761
0.206936
0.210693
0.20624
0.206719
0.212765
0.220937
0.220539
0.216686
0.206123
0.197729
0.1969
0.175375
0.160479
0.155544
0.150597
0.155937
0.143879
0.144435
0.1553
0.151102
0.145364
0.141688
0.153528
0.14965
0.161433
0.171614
0.159423
0.145506
0.149999
0.154301
0.147501
0.142037
0.132917
0.131369
0.133143
0.131041
0.142064
0.140372
0.147121
0.144709
0.143608
0.146351
0.153868
0.15342
0.148532
0.150611
0.147353
0.148013
0.149939
0.149343
0.154721
0.155187
0.156882
0.152646
0.146395
0.1528
0.139708
0.146942
0.13603
0.134449
0.134465
0.13255
0.133766
0.136694
0.126404
0.126767
0.12593
0.126814
0.136261
0.12941
0.138871
0.142928
0.1415
0.144783
0.14855
0.142149
0.136497
0.132099
0.136734
0.143924
0.153486
0.158402
0.158291
0.163861
0.157484
0.163248
0.160432
0.160652
0.157439
0.155408
0.149793
0.151751
0.140913
0.137875
0.132595
0.125691
0.126685
0.126512
0.127772
0.121835
0.122395
0.125496
0.132169
0.135453
0.134956
0.143486
0.143177
0.125696
0.138758
0.145203
0.1536
0.155724
0.151866
0.150955
0.144965
0.150079
0.162887
0.156829
0.164701
0.177282
0.16301
0.15839
0.147884
0.142468
0.145549
0.151956
0.151792
0.155946
0.14897
0.140643
0.145306
0.149922
0.141966
0.143147
0.142034
0.140369
0.137059
0.135184
0.138964
0.135252
0.128292
0.123934
0.124684
0.128973
0.137671
0.13583
0.130046
0.127811
0.134238
0.147121
0.147786
0.144664
0.140084
0.133345
0.133432
0.138332
0.134552
0.134225
0.124298
0.122105
0.115222
0.110565
0.112544
0.112395
0.102156
0.103614
0.112745
0.11106
0.120296
0.124575
0.120965
0.122951
0.12444
0.108203
0.106808
0.106361
0.105132
0.100002
0.102936
0.109597
0.109528
0.120472
0.119809
0.125439
0.125099
0.124482
0.119758
0.109518
0.106301
0.108476
0.104938
0.0996847
0.0974359
0.102533
0.106387
0.0972779
0.0989131
0.0980943
0.0945317
0.0924489
0.0964624
0.101705
0.107808
0.107752
0.113408
0.110939
0.101739
0.102028
0.0922561
0.0907683
0.089247
0.0925469
0.0947205
0.0949441
0.093124
0.0918006
0.0849654
0.0801878
0.0796284
0.0821786
0.084317
0.0873845
0.0876736
0.0853568
0.0839148
0.082261
0.0751268
0.076772
0.0758621
0.0723533
0.0778541
0.0747382
0.0784509
0.0831516
0.0834883
0.0841619
0.071394
0.0770545
0.0735516
0.0803624
0.0704695
0.0702313
0.0613515
0.0565207
0.0562661
0.0555411
0.0623084
0.0608656
0.0590401
0.0622592
0.0560594
0.0580485
0.0584905
0.0557394
0.0553625
0.0587117
0.0563179
0.0529428
0.0587059
0.0582062
0.0623348
0.0638221
0.0670552
0.0679195
0.0693871
0.060124
0.0590354
0.0595354
0.0619254
0.0635944
0.0617538
0.0602318
0.0649511
0.0615589
0.0605663
0.0603336
0.0582901
0.0626058
0.0605825
0.0595281
0.0580694
0.0571469
0.0576563
0.0598763
0.0648853
0.0557694
0.0591802
0.0592098
0.0623946
0.0607543
0.0602226
0.0592735
0.0615604
0.0631472
0.0618685
0.0585103
0.0617279
0.0672156
0.0641478
0.0591433
0.0595525
0.0565403
0.0579879
0.0621341
0.0666792
0.067038
0.0658208
0.0623841
0.0661541
0.0621678
0.0574454
0.0611625
0.061885
0.0590815
0.0617369
0.0577538
0.0601383
0.0619186
0.0629131
0.0654453
0.0649083
0.0598366
0.0606264
0.0621213
0.065557
0.0658583
0.0689161
0.0696008
0.0676661
0.0664449
0.0619604
0.0640088
0.0584409
0.0593403
0.0616472
0.0648803
0.0570856
0.0544829
0.0514738
0.0485954
0.0486961
0.0445667
0.0417719
0.0415185
0.0416084
0.0441596
0.0425901
0.0393309
0.0418066
0.0430496
0.0435099
0.0429896
0.043959
0.0392288
0.0368073
0.0345094
0.0340412
0.0316065
0.0304762
0.03201
0.0285294
0.026374
0.0267433
0.0253357
0.0244288
0.0260852
0.0271926
0.0320946
0.0332169
0.0346129
0.0354437
0.033275
0.0386967
0.0375506
0.0364177
0.0374299
0.0364815
0.0379319
0.0409971
0.041626
0.0423873
0.0466918
0.0433988
0.0465046
0.0471242
0.0397566
0.0427634
0.0446363
0.0399528
0.0440511
0.0447662
0.0421232
0.0408944
0.0400083
0.0394672
0.0383548
0.0372843
0.0412224
0.0420197
0.042375
0.0386157
0.0377738
0.0390506
0.0387115
0.0360901
0.0344444
0.0331779
0.0295282
0.0306698
0.026312
0.0275106
0.0274201
0.0274384
0.026519
0.0279426
0.0265008
0.0294336
0.0310272
0.0303318
0.0341244
0.0354947
0.0374516
0.0339437
0.0333476
0.0321879
0.0327288
0.0353642
0.0365776
0.0335017
0.0334502
0.0343558
0.0302536
0.0301951
0.032025
0.0339736
0.035225
0.0329935
0.0374484
0.0389578
0.035955
0.0353729
0.0312719
0.0297571
0.0294729
0.0314137
0.0316637
0.0331096
0.0337554
0.0347663
0.0342232
0.0333092
0.0302917
0.0304655
0.0307418
0.0317585
0.0310618
0.0339498
0.0321871
0.03215
0.0340073
0.0357069
0.0357621
0.0360775
0.0354249
0.0340272
0.0332697
0.0320565
0.031725
0.0306459
0.0326417
0.0325115
0.0316134
0.0292061
0.0320643
0.0308902
0.0310571
0.0322622
0.0340239
0.035909
0.0393224
0.0374042
0.0395431
0.0405163
0.0438606
0.0446464
0.0415835
0.0440446
0.0399263
0.0417255
0.0431334
0.046223
0.0455123
0.0497754
0.052247
0.0507273
0.0459796
0.0420193
0.0427051
0.041475
0.035899
0.0326228
0.0343057
0.0344595
0.0319496
0.031127
0.034319
0.0340648
0.036889
0.0356773
0.0327519
0.0323498
0.0347974
0.0312968
0.0318165
0.0311585
0.0293262
0.0264249
0.0247281
0.0262009
0.0248205
0.0238282
0.0244044
0.0264239
0.024559
0.0263269
0.0255972
0.026921
0.0278514
0.0279081
0.0263871
0.0276695
0.0283057
0.0254757
0.0268938
0.0272574
0.025242
0.0255032
0.0254517
0.024228
0.0262654
0.0229901
0.0241469
0.0241987
0.022376
0.0225247
0.0231344
0.021461
0.0215055
0.020322
0.0214614
0.0216012
0.0226686
0.0220121
0.0225371
0.0219021
0.021663
0.0197428
0.0191945
0.0197357
0.0187407
0.0182727
0.0167614
0.0181719
0.0172007
0.0181219
0.0158972
0.0149589
0.0137792
0.0142179
0.0127607
0.0126321
0.0130136
0.0135022
0.0133924
0.0139894
0.0133901
0.0148876
0.0160763
0.0161991
0.0160795
0.0147908
0.0145851
0.0159062
0.0162781
0.0168885
0.016742
0.0174361
0.0169684
0.019252
0.0196428
0.0195856
0.020719
0.0182779
0.0191605
0.017046
0.0169904
0.0166064
0.0196944
0.0203023
0.0219101
0.0233199
0.0231979
0.0213768
0.02192
0.0220104
0.0237127
0.0256988
0.0234932
0.0227663
0.0240964
0.0241358
0.0246524
0.0257274
0.0291934
0.0287059
0.0295304
0.0259642
0.0220774
0.0218277
0.0197616
0.0191678
0.0184814
0.01762
0.0188701
0.0179475
0.0182117
0.0161274
0.0162458
0.0158956
0.0155949
0.0171075
0.0160614
0.0162517
0.0166115
0.0170919
0.0184901
0.0185576
0.0209394
0.0215769
0.0174767
0.019251
0.0220959
0.0221274
0.023071
0.0227801
0.0250888
0.0257923
0.0262298
0.0256864
0.0224659
0.0225775
0.0234443
0.0230936
0.0225075
0.0219138
0.0214528
0.0236709
0.0252747
0.0252143
0.0244557
0.0247524
0.0248834
0.0221421
0.0228799
0.0231276
0.0269184
0.0239646
0.0237978
0.0246411
0.0281879
0.026865
0.0278739
0.0267103
0.0290773
0.0269242
0.026777
0.0244656
0.0229426
0.0236999
0.0246291
0.0218118
0.0189292
0.0189154
0.0192623
0.0215047
0.0189024
0.0158547
0.0145181
0.0148727
0.0133416
0.011594
0.0108594
0.0119193
0.0102386
0.0100854
0.0105799
0.0107201
0.0100211
0.0109872
0.0124182
0.0133316
0.0128058
0.0127888
0.0127997
0.0123578
0.0120538
0.0116023
0.0116985
0.0108869
0.0107233
0.0105032
0.0104461
0.0115302
0.0114696
0.011453
0.0114003
0.0111348
0.0122322
0.0118603
0.0133531
0.0131358
0.0138849
0.0123683
0.0111895
0.0111442
0.0120607
0.0116169
0.0103924
0.0101225
0.0114571
0.0121206
0.0118522
0.0107769
0.0110141
0.0116808
0.0118926
0.0123088
0.0126938
0.0136465
0.0136678
0.0143758
0.0152797
0.0152377
0.0143708
0.0141719
0.0131538
0.0128584
0.0125469
0.0125132
0.0132647
0.0131602
0.01346
0.0127323
0.0120583
0.0111256
0.010948
0.0117528
0.0135393
0.0136314
0.0135203
0.0142257
0.0135365
0.0128697
0.0121546
0.0118065
0.0107446
0.0127739
0.0121106
0.01005
0.0101996
0.0101283
0.010066
0.00953136
0.00978609
0.0102296
0.00964401
0.00946555
0.00877447
0.00825299
0.00860388
0.00819265
0.00803285
0.00799286
0.00726379
0.00787524
0.00771869
0.0079719
0.00762536
0.00743854
0.00635642
0.00641722
0.00674553
0.00582092
0.0061923
0.00587512
0.00627763
0.00577928
0.0059323
0.00464032
0.00456356
0.00451563
0.00476103
0.00498603
0.00521079
0.00521229
0.00508047
0.00508979
0.00569589
0.00530722
0.0052906
0.00607198
0.0058161
0.00597814
0.00609435
0.00648398
0.00630741
0.00646209
0.00622767
0.00641475
0.00616621
0.00675444
0.00630356
0.00640047
0.00776576
0.00734488
0.00789322
0.00851031
0.00814944
0.00921258
0.00784784
0.00868636
0.00888103
0.00936287
0.00932348
0.00929079
0.00937501
0.00961477
0.00884708
0.00868697
0.00897271
0.00907866
0.00901529
0.00879822
0.00995474
0.00980064
0.00888758
0.0103869
0.0108191
0.0106344
0.00996091
0.00939098
0.0087998
0.00866977
0.00777609
0.007981
0.00790773
0.00760925
0.00856923
0.00829799
0.00862005
0.00782274
0.00867512
0.0098576
0.00964115
0.011075
0.0103993
0.00991333
0.00979433
0.00827779
0.00955883
0.00922705
0.00966379
0.00968606
0.00965532
0.00949663
0.00854433
0.00800258
0.0098188
0.0104864
0.0106768
0.012155
0.0117408
0.0114554
0.010983
0.0111115
0.0108184
0.00989507
0.0104425
0.0103349
0.00961585
0.00993563
0.0114843
0.00907338
0.00958219
0.0105161
0.00955702
0.00907758
0.0097245
0.0102128
0.00947994
0.0108505
0.0111225
0.0112891
0.0104773
0.00882476
0.0092844
0.00883058
0.00869265
0.00866262
0.00854083
0.00848501
0.00970552
0.00952595
0.0100932
0.0111879
0.0110918
0.0107094
0.0109719
0.0103564
0.0106452
0.0107618
0.012707
0.0121493
0.0117898
0.011252
0.0100478
0.00994852
0.0103685
0.00935667
0.00820763
0.00885973
0.00912913
0.00907061
0.00911668
0.0091318
0.00787942
0.00825704
0.00865717
0.00840944
0.00941929
0.00864233
0.00930832
0.00735587
0.00748403
0.00702486
0.00666629
0.00608479
0.00630294
0.00548974
0.00622855
0.0062364
0.00705019
0.00705755
0.00770449
0.0073574
0.00841751
0.00904624
0.00933846
0.00822126
0.00699099
0.00626124
0.00683375
0.00633958
0.00593164
0.00664078
0.00693252
0.00730851
0.00687231
0.00676939
0.00709923
0.00704526
0.00569781
0.00538818
0.00567126
0.00503733
0.00480975
0.00478018
0.00469591
0.00488191
0.00437888
0.00480168
0.00444618
0.00387527
0.00366872
0.00297874
0.00280038
0.00256223
0.00267756
0.00227868
0.0023629
0.00233904
0.00272718
0.00281302
0.0026477
0.00328844
0.00331753
0.00341596
0.00341646
0.00288616
0.00290929
0.00294403
0.00272523
0.0031683
0.00287173
0.00322123
0.00304992
0.00286889
0.00262712
0.00268022
0.00259829
0.00195384
0.002474
0.00270279
0.00260804
0.00236334
0.00203217
0.00216961
0.00235726
0.00240941
0.00236023
0.00275998
0.00271594
0.00326065
0.00299814
0.00344505
0.00342479
0.00334567
0.00367223
0.00386823
0.00364359
0.00413972
0.00402547
0.00435653
0.0042239
0.00457315
0.00475167
0.00505584
0.00407212
0.00423978
0.00411786
0.0034304
0.00317414
0.00319386
0.00301575
0.00284288
0.00291005
0.00259389
0.00250037
0.00245374
0.00290035
0.00277736
0.00252679
0.00238224
0.00240376
0.00197908
0.00193867
0.00201202
0.00189299
0.0018994
0.00205323
0.00191967
0.00212971
0.00204271
0.0021565
0.00200532
0.00209298
0.00193577
0.00186642
0.00210869
0.00213073
0.00227789
0.00232298
0.00247747
0.00257848
0.002357
0.00244993
0.00250764
0.00245026
0.00205733
0.00191913
0.0017517
0.00179484
0.00180961
0.00174317
0.00159863
0.00167151
0.00168205
0.00173079
0.00172317
0.00175967
0.00195714
0.00198683
0.00208642
0.00224147
0.0016929
0.00155355
0.00148651
0.00178677
0.00165914
0.00184475
0.00179782
0.00179439
0.00161077
0.0016862
0.00152876
0.00169538
0.0015255
0.00153267
0.00172267
0.00176776
0.00189401
0.0017137
0.00176689
0.00236539
0.00231741
0.00207469
0.00192647
0.00170984
0.00183141
0.00180179
0.00210778
0.00226883
0.00238153
0.00239635
0.00208245
0.00238518
0.00247749
0.00235456
0.00219347
0.00213664
0.00176796
0.00165818
0.00151041
0.00168813
0.0019676
0.00187086
0.00183372
0.00241567
0.00260405
0.00255857
0.00305134
0.00295617
0.00290284
0.00251683
0.00249404
0.0023405
0.00239633
0.00197236
0.00216576
0.00191299
0.00195574
0.00172065
0.00180175
0.00173084
0.00165538
0.00166019
0.00147289
0.00162234
0.00175722
0.00165668
0.00140015
0.00142781
0.00156383
0.00205257
0.00203072
0.00208576
0.00211196
0.00195802
0.0020772
0.00192972
0.00190933
0.00173911
0.00188385
0.00213979
0.00188599
0.00168111
0.00162969
0.00125056
0.00123995
0.00146713
0.00128797
0.000911139
0.000936103
0.000919131
0.000928144
0.000918731
0.000869735
0.000858673
0.00104251
0.000851614
0.000817387
0.00087696
0.000941295
0.00112479
0.0013048
0.00113889
0.00113975
0.0010576
0.000906627
0.000934237
0.000896096
0.000759343
0.000774519
0.00081337
0.000795583
0.000708603
0.000687296
0.000648107
0.000593636
0.000504272
0.000436915
0.000486469
0.000477103
0.000559268
0.000530198
0.000535644
0.000461457
0.000516119
0.000517912
0.000581244
0.000540508
0.000642114
0.000580408
0.000587986
0.000558124
0.000513839
0.00044798
0.00052036
0.000450021
0.000441329
0.000428351
0.000413708
0.000331145
0.000360624
0.000382499
0.000327201
0.000319253
0.000299101
0.00021813
0.000223814
0.000246419
0.000233933
0.000316969
0.000315025
0.000354081
0.000367017
0.000418928
0.000503717
0.000516757
0.000542803
0.000527985
0.000573057
0.000483406
0.00049598
0.000554901
0.000557667
0.000575731
0.000552326
0.000620372
0.00052457
0.000537985
0.000519728
0.000507923
0.000498559
0.000580198
0.000497671
0.000460487
0.000468782
0.000476331
0.000422979
0.000400611
0.000410976
0.000323216
0.000438437
0.000455269
0.000414448
0.00043323
0.000438681
0.000423793
0.000359036
0.000358626
0.000322409
0.00028769
0.000280269
0.000233609
0.000199012
0.000195172
0.000238525
0.000196943
0.000164077
0.000149394
0.000177819
0.000133033
8.26696e-05
7.67929e-05
7.12909e-05
8.52399e-05
7.1385e-05
8.10527e-05
5.30883e-05
0.000100489
8.76756e-05
6.57811e-05
6.94275e-05
6.17026e-05
5.83008e-05
5.80653e-05
5.91298e-05
5.1049e-05
5.35535e-05
5.99235e-05
6.80373e-05
0.000105433
6.571e-05
4.17881e-05
5.50293e-05
5.78868e-05
5.3058e-05
4.73511e-05
3.20559e-05
2.51097e-05
2.68522e-05
2.30298e-05
3.28176e-05
3.98175e-05
2.49632e-05
3.76727e-05
3.72113e-05
1.51066e-05
2.12749e-05
1.28788e-05
3.25826e-05
1.34383e-05
2.33313e-05
2.55505e-05
3.17634e-05
1.13282e-05
1.86093e-05
1.98152e-05
2.06525e-05
1.97741e-05
1.40409e-05
1.56558e-05
2.64599e-05
1.44537e-05
3.30062e-05
2.52053e-05
3.15145e-05
2.65451e-05
1.69833e-05
1.6935e-05
1.62896e-05
1.89621e-05
2.31388e-05
1.55675e-05
1.82217e-05
2.03346e-05
1.28648e-05
1.72118e-05
1.91803e-05
1.80936e-05
1.55117e-05
4.84532e-06
1.43842e-05
8.91202e-06
1.04225e-05
8.29679e-06
4.93298e-06
9.05463e-06
6.32174e-06
1.63857e-05
3.04809e-06
1.31935e-05
1.53693e-05
1.25994e-05
1.77738e-05
9.43221e-06
2.28347e-05
1.67028e-05
1.89627e-05
1.65109e-05
1.45113e-05
1.68779e-05
1.7061e-05
1.52457e-05
1.87801e-05
2.24891e-05
1.61297e-05
2.11014e-05
1.30499e-05
2.33918e-05
2.89839e-05
2.61567e-05
2.69825e-05
1.933e-05
2.17257e-05
1.6566e-05
2.18528e-05
2.44469e-05
4.52925e-05
1.84513e-05
2.95663e-05
2.28694e-05
2.94561e-05
2.36899e-05
3.01149e-05
1.54181e-05
1.63504e-05
1.62056e-05
1.21561e-05
1.31432e-05
1.05193e-05
1.03119e-05
1.38263e-05
1.22236e-05
1.48514e-05
2.54815e-05
5.27186e-06
6.51177e-06
9.60313e-06
9.19846e-06
8.82122e-06
1.33201e-05
6.47576e-06
7.8522e-06
9.92633e-06
9.51326e-06
7.92247e-06
1.07205e-05
1.85301e-05
1.82154e-05
7.37909e-06
1.94118e-05
1.04159e-05
1.1338e-05
1.59199e-05
8.2789e-06
6.28223e-06
1.25255e-05
8.54127e-06
2.99457e-06
6.69343e-06
3.07988e-06
6.29247e-06
9.50634e-06
1.30685e-06
2.53153e-06
5.61018e-06
5.44053e-06
7.64722e-06
6.37788e-06
6.76712e-06
2.68155e-06
4.44884e-06
2.99935e-06
1.57562e-06
2.66895e-06
6.28899e-07
2.93593e-06
1.85101e-06
1.84683e-06
1.565e-06
1.54734e-06
6.06678e-07
1.22677e-06
4.10075e-07
7.72036e-08
5.37683e-07
7.21585e-07
3.36824e-06
2.16092e-07
2.26101e-07
3.16667e-06
2.79889e-07
1.1573e-06
4.36238e-06
1.18615e-06
6.39166e-07
2.07094e-06
4.35005e-07
4.6866e-07
5.45355e-07
2.33051e-07
2.04563e-06
7.63398e-07
2.184e-06
1.38822e-07
0
1.19397e-06
6.30622e-07
1.75544e-06
1.92893e-06
1.22164e-06
3.83148e-07
3.76868e-06
9.16424e-07
1.20032e-06
9.01032e-07
0
0
2.84076e-06
1.14683e-07
0
3.46611e-07
8.84357e-07
2.32713e-06
2.83415e-06
0
4.84067e-07
0
0
1.66892e-06
1.92428e-07
4.94207e-08
5.78816e-06
4.4868e-07
0
2.9807e-07
1.6947e-06
0
0
2.64446e-07
1.73957e-07
0
9.16225e-09
0
0
1.36139e-06
0
0
0
0
0
0
9.227e-07
0
3.39569e-07
0
1.50958e-06
0
0
0
8.80893e-08
7.17322e-07
0
0
2.54456e-07
0
0
0
0
0
0
2.38371e-07
0
0
0
0
0
0
0
0
0
0
0
0
0
0
0
0
0
0
0
0
0
0
0
0
0
0
0
0
0
0
0
0
0
0
0
0
0
0
0
0
0
0
0
0
0
0
0
0
0
0
0
0
0
0
0
0
0
0
0
0
0
0
0
0
0
0
0
0
0
0
0
0
0
0
0
0
0
0
0
0
0
0
0
0
0
0
0
0
0
0
0
0
0
0
0
0
0
0
0
0
0
0
0
0
0
0
0
0
0
0
0
0
0
0
0
0
0
0
0
0
0
0
0
0
0
0
0
0
0
0
0
0
0
0
0
0
0
0
0
0
0
0
0
0
0
0
0
0
0
0
0
0
0
0
0
0
0
0
0
0
0
0
0
0
0
0
0
0
0
0
0
0
0
0
0
0
0
0
0
0
0
0
0
0
0
0
0
0
0
0
0
0
0
0
0
0
0
0
0
0
0
0
0
0
0
0
0
0
0
0
0
0
0
0
0
0
0
0
0
0
0
0
0
0
0
0
0
0
0
0
0
0
0
0
0
0
0
0
0
0
0
0
0
0
0
0
0
0
0
0
0
0
0
0
0
0
0
0
0
0
0
0
0
0
0
0
0
0
0
0
0
0
0
0
0
0
0
0
0
0
0
0
0
0
0
0
0
0
0
0
0
0
0
0
0
0
0
0
0
0
0
0
0
0
0
0
0
0
0
0
0
0
0
0
0
0
0
0
0
0
0
0
0
0
0
0
0
0
0
0
0
0
0
0
0
0
0
0
0
0
0
0
0
0
0
0
0
0
0
0
0
0
0
0
0
0
0
0
0
0
0
0
0
0
0
0
0
0
0
0
0
0
0
0
0
0
0
0
0
0
0
0
0
0
0
0
0
0
0
0
0
0
0
0
0
0
0
0
0
0
0
0
0
0
0
0
0
0
0
0
0
0
0
0
0
0
0
0
0
0
0
0
0
0
0
0
0
0
0
0
0
0
0
0
0
0
0
0
0
0
0
0
0
0
0
0
0
0
0
0
0
0
0
0
0
0
0
0
0
0
0
0
0
0
0
0
0
0
0
0
0
0
0
0
0
0
0
0
0
0
0
0
0
0
0
0
0
0
0
0
0
0
0
0
0
0
0
0
0
0
0
0
0
0
0
0
0
0
0
0
0
0
0
0
0
0
0
0
0
0
0
0
0
0
0
0
0
0
0
0
0
0
0
0
0
0
0
0
0
0
0
0
0
0
0
0
0
0
0
0
0
0
0
0
0
0
0
0
0
0
0
0
0
0
0
0
0
0
0
0
0
0
0
0
0
0
0
0
0
0
0
0
0
0
0
0
0
0
0
0
0
0
0
0
0
0
0
0
0
0
0
0
0
0
0
0
0
0
0
0
0
0
0
0
0
0
0
0
0
0
0
0
0
0
0
0
0
0
0
0
0
0
0
0
0
0
0
0
0
0
0
0
0
0
0
0
0
0
0
0
0
0
0
0
0
0
0
0
0
0
0
0
0
0
0
0
0
0
0
0
0
0
0
0
0
0
0
0
0
0
0
0
0
0
0
0
0
0
0
0
0
0
0
0
0
0
0
0
0
0
0
0
0
0
0
0
0
0
0
0
0
0
0
0
0
0
0
0
0
0
0
0
0
0
0
0
0
0
0
0
0
0
0
0
0
0
0
0
0
0
0
0
0
0
0
0
0
0
0
0
0
0
0
0
0
0
0
0
0
0
0
0
0
0
0
0
0
0
0
0
0
0
0
0
0
0
0
0
0
0
0
0
0
0
0
0
0
0
0
0
0
0
0
0
0
0
0
0
0
0
0
0
0
0
0
0
0
0
0
0
0
0
0
0
0
0
0
0
0
0
0
0
0
0
0
0
0
0
0
0
0
0
0
0
0
0
0
0
0
0
0
0
0
0
0
0
0
0
0
0
0
0
0
0
0
0
0
0
0
0
0
0
0
0
0
0
0
0
0
0
0
0
0
0
0
0
0
0
0
0
0
0
0
0
0
0
0
0
0
0
0
0
0
0
0
0
0
0
0
0
0
0
0
0
0
0
0
0
0
0
0
0
0
0
0
0
0
0
0
0
0
0
0
0
0
0
0
0
0
0
0
0
0
0
0
0
0
0
0
0
0
0
0
0
0
0
0
0
0
