0.311181
0.301446
0.283847
0.282322
0.269714
0.258117
0.254393
0.247149
0.244151
0.241061
0.232826
0.234662
0.236308
0.236951
0.233544
0.218348
0.217785
0.224137
0.231169
0.230915
0.234179
0.240983
0.231965
0.238609
0.241764
0.244578
0.249722
0.243069
0.242843
0.241521
0.229144
0.229532
0.23141
0.207709
0.202049
0.200343
0.186094
0.176543
0.177293
0.178548
0.173818
0.176435
0.178209
0.176694
0.169075
0.169095
0.167299
0.165196
0.178538
0.177459
0.185104
0.1928
0.189193
0.195191
0.203503
0.192656
0.18494
0.191712
0.18955
0.186581
0.173676
0.169834
0.173969
0.173464
0.167689
0.182783
0.182052
0.194994
0.198945
0.18654
0.191376
0.176666
0.163313
0.163133
0.159201
0.146569
0.142594
0.142746
0.144334
0.15632
0.155304
0.165138
0.168727
0.171171
0.172136
0.173051
0.165977
0.170392
0.173499
0.170949
0.176108
0.170409
0.175504
0.168272
0.183244
0.17383
0.180459
0.180132
0.175451
0.174158
0.166581
0.182921
0.177535
0.168545
0.160606
0.162565
0.166046
0.163155
0.160905
0.151407
0.148299
0.155249
0.150393
0.158208
0.155686
0.155803
0.160333
0.165798
0.174561
0.182937
0.179206
0.190903
0.199345
0.205262
0.202718
0.212151
0.211632
0.219243
0.229005
0.233311
0.23458
0.227458
0.217085
0.220842
0.215714
0.214473
0.204337
0.208794
0.208913
0.213869
0.209105
0.21002
0.216081
0.22406
0.224788
0.218826
0.211929
0.200176
0.201565
0.176947
0.161966
0.158663
0.152861
0.157373
0.14611
0.146731
0.15817
0.153199
0.147574
0.144157
0.155249
0.15101
0.1645
0.173685
0.161762
0.147808
0.15152
0.156023
0.147578
0.144708
0.134177
0.132892
0.135087
0.132772
0.142714
0.142987
0.149126
0.146326
0.146635
0.149659
0.155619
0.155999
0.150991
0.152905
0.150059
0.151589
0.152623
0.151911
0.156796
0.157356
0.160371
0.155946
0.150805
0.156122
0.141469
0.149977
0.139341
0.136747
0.135481
0.13707
0.136469
0.139431
0.129527
0.130144
0.129622
0.13154
0.138756
0.132612
0.142012
0.147151
0.144272
0.147486
0.151713
0.145106
0.13998
0.135792
0.140725
0.14796
0.157009
0.161163
0.161568
0.167789
0.160578
0.169007
0.162702
0.164751
0.161611
0.159676
0.152594
0.156342
0.144289
0.142109
0.136011
0.131649
0.13027
0.130977
0.131617
0.125635
0.127471
0.129947
0.13707
0.14143
0.140415
0.147568
0.147281
0.129052
0.142376
0.149552
0.15662
0.158879
0.156018
0.154908
0.149665
0.154654
0.166105
0.161115
0.168348
0.179299
0.16661
0.161957
0.150224
0.145666
0.149982
0.155945
0.15668
0.159671
0.154001
0.145035
0.148914
0.153527
0.14689
0.146155
0.145609
0.143777
0.13979
0.140019
0.14419
0.139336
0.133738
0.128067
0.129721
0.135185
0.142353
0.140039
0.134604
0.132131
0.138708
0.150787
0.152242
0.147617
0.144678
0.137576
0.138983
0.141848
0.140098
0.14055
0.129678
0.127717
0.119849
0.115438
0.118192
0.117669
0.106429
0.108913
0.116944
0.116568
0.12466
0.128894
0.12555
0.1266
0.128541
0.112899
0.111438
0.112231
0.110532
0.104887
0.107896
0.114074
0.11528
0.125544
0.124679
0.129941
0.130057
0.130163
0.126189
0.114953
0.11139
0.11308
0.109269
0.104672
0.102943
0.108067
0.111472
0.102805
0.103594
0.104555
0.0993078
0.0983024
0.101527
0.106562
0.112663
0.114069
0.118091
0.114724
0.107685
0.107194
0.0971748
0.0968794
0.0948694
0.0974611
0.100213
0.100237
0.0984991
0.0966395
0.0909529
0.0851447
0.0851716
0.0878117
0.0915321
0.0920453
0.0940447
0.0908031
0.0895799
0.088898
0.0813901
0.0826786
0.0816502
0.079248
0.0835342
0.0806924
0.0840119
0.0884543
0.0901358
0.0898049
0.0774218
0.0829021
0.0796601
0.0857473
0.0752596
0.0750003
0.0666232
0.0608035
0.0608575
0.0610347
0.0665512
0.0656357
0.062888
0.0670571
0.0603177
0.0625312
0.0621745
0.0597393
0.0600043
0.0635558
0.0605372
0.0577916
0.0630087
0.0630583
0.0664231
0.0683702
0.071966
0.0733647
0.0736919
0.0644406
0.0639626
0.0635974
0.0659647
0.068331
0.0670027
0.0652984
0.0701337
0.0664614
0.0651535
0.0650297
0.0634667
0.0672603
0.065578
0.0645049
0.0631958
0.0627624
0.0624363
0.064894
0.0690591
0.0612146
0.064428
0.065031
0.0665705
0.0658703
0.0656056
0.0644743
0.0666828
0.0680673
0.0669133
0.0633436
0.0667676
0.0722537
0.0690127
0.0645178
0.0646853
0.0617197
0.0624105
0.0670398
0.0723137
0.0718154
0.070776
0.0677176
0.0706616
0.0666489
0.0623863
0.0666011
0.0678809
0.0638246
0.0664136
0.0625835
0.0649735
0.0671547
0.0678738
0.0698562
0.0699903
0.0652291
0.0661493
0.0673176
0.0705674
0.0706914
0.0749533
0.0757719
0.0724549
0.0721476
0.0679845
0.0694417
0.0640239
0.0645787
0.0674676
0.0713096
0.0627334
0.0595801
0.0572448
0.0539944
0.0537705
0.0485881
0.0467875
0.0472362
0.0470112
0.0494225
0.0475426
0.04464
0.0465489
0.0484619
0.0490391
0.0480663
0.0493732
0.0446712
0.0412894
0.0401524
0.0389191
0.0368275
0.0357036
0.0371325
0.0336792
0.0314268
0.0317983
0.0303042
0.0297982
0.0312229
0.0330487
0.0373812
0.0380228
0.0396297
0.0404534
0.038248
0.0430644
0.0419552
0.0414819
0.0421732
0.0414419
0.0426139
0.0460545
0.0469963
0.0477119
0.0516677
0.0485309
0.0519136
0.0520111
0.044712
0.0472416
0.0485285
0.0441003
0.0479552
0.0494013
0.0466915
0.044738
0.0443516
0.0441268
0.0428241
0.0424339
0.045281
0.046318
0.0474211
0.043299
0.0424811
0.0438882
0.0437459
0.0407657
0.0392379
0.0379089
0.0347302
0.0351751
0.0306262
0.0315605
0.0323608
0.0319998
0.031216
0.0320932
0.0312171
0.0339489
0.0353464
0.0351915
0.0380595
0.0396923
0.0420779
0.0386075
0.0381546
0.0369056
0.0375254
0.040082
0.0410032
0.0381851
0.0377038
0.038902
0.0348809
0.0347751
0.0365814
0.038442
0.0394956
0.0374684
0.0412871
0.0427755
0.0405614
0.0397741
0.0354104
0.0332394
0.0336029
0.0359401
0.0357272
0.0372296
0.0380802
0.0395675
0.0387572
0.0380376
0.0349256
0.0347952
0.0353709
0.0364047
0.0355996
0.0385836
0.0370348
0.0362064
0.0383829
0.0402067
0.0400557
0.0406225
0.0404099
0.0386692
0.0383723
0.0371791
0.0363176
0.0360499
0.0371548
0.0379127
0.0370481
0.0346153
0.0370471
0.0353993
0.0363648
0.0369332
0.0391017
0.0408664
0.0446796
0.0423685
0.0444751
0.0454977
0.0489914
0.0498609
0.0458117
0.0480779
0.0449901
0.0465174
0.0481044
0.0507862
0.0503508
0.0547882
0.0565101
0.0553101
0.0514891
0.0463723
0.0477081
0.0456839
0.0406248
0.0377152
0.038612
0.0389468
0.0369028
0.0358288
0.0382446
0.038364
0.0412409
0.0401055
0.0369986
0.0369941
0.0395153
0.0357213
0.0365096
0.0358122
0.0339332
0.0305164
0.029596
0.0306887
0.0291356
0.0280217
0.0290415
0.0307851
0.0290676
0.0306884
0.030423
0.0314741
0.0324383
0.0322618
0.0308199
0.0322952
0.0326575
0.0300884
0.0313863
0.0316457
0.0295888
0.0301136
0.0303131
0.0293071
0.0308596
0.0273202
0.028403
0.0291822
0.0271262
0.0272281
0.0276292
0.0258149
0.0260505
0.0246512
0.0257567
0.0265833
0.027153
0.0272889
0.0268404
0.0268584
0.0263058
0.0242733
0.024304
0.024504
0.0230506
0.0231442
0.0215881
0.0230365
0.0221041
0.0228221
0.0207536
0.0192848
0.0183835
0.0189784
0.0174285
0.0172235
0.0176351
0.018298
0.0179844
0.0187296
0.0185218
0.0196707
0.0207244
0.0208232
0.0208875
0.0195233
0.0194438
0.0208343
0.020961
0.0213283
0.0219269
0.0222408
0.0219063
0.0243283
0.0243903
0.0245676
0.0255497
0.0233945
0.0238804
0.0219049
0.0219444
0.0215979
0.0241532
0.0252083
0.0264119
0.0283702
0.0280115
0.0265418
0.026801
0.0270806
0.0285912
0.030348
0.0281249
0.027192
0.0288114
0.0293472
0.0296284
0.0305764
0.0336957
0.0333438
0.0343806
0.0308731
0.0265604
0.026712
0.0243847
0.0237875
0.0229319
0.0224699
0.0232171
0.0224678
0.0228291
0.0208904
0.0206418
0.0200702
0.0202288
0.0217768
0.0209571
0.0208083
0.0215358
0.0218165
0.0228559
0.0236155
0.02555
0.0266682
0.0224246
0.0235064
0.0263447
0.0264894
0.0272649
0.0276654
0.029628
0.0298312
0.0304617
0.0304868
0.0264271
0.0272001
0.02797
0.0277471
0.0267115
0.0265211
0.0261643
0.0280313
0.0302758
0.0291926
0.0290682
0.0294498
0.0292834
0.027108
0.0275163
0.0274056
0.0312889
0.0280761
0.0279725
0.0286558
0.0324076
0.0308436
0.0321353
0.0309887
0.0334626
0.0313134
0.0310899
0.0283609
0.0274444
0.0278683
0.0287626
0.0260046
0.0222616
0.0230255
0.0230557
0.0252124
0.0221311
0.0194059
0.0179582
0.01811
0.0170328
0.0153111
0.0141975
0.0152249
0.0134633
0.0134096
0.0136269
0.0139011
0.0135293
0.0144068
0.0156476
0.0165439
0.0162961
0.0164267
0.0161048
0.0159084
0.0156142
0.0149286
0.0152604
0.0142431
0.014148
0.0141224
0.0140726
0.0150632
0.0149484
0.0152662
0.0150857
0.0147669
0.0157234
0.0156818
0.0169307
0.0167507
0.0175832
0.0161751
0.0154421
0.0148975
0.0156917
0.015341
0.0139496
0.0140057
0.0149985
0.0157579
0.0154636
0.014133
0.014725
0.0155145
0.0153094
0.0162291
0.0160106
0.0172923
0.0173481
0.0180934
0.0189685
0.0189056
0.0181891
0.0176324
0.016834
0.0166235
0.016088
0.0163821
0.0168826
0.0165763
0.0171633
0.0165168
0.0162636
0.0148262
0.0149977
0.0156197
0.0172539
0.0173619
0.0174638
0.018228
0.0173851
0.0167919
0.0162688
0.0158599
0.0146971
0.0167014
0.0157391
0.0139143
0.0138128
0.0138595
0.0138684
0.0134458
0.0136957
0.0141213
0.0132713
0.0132416
0.0125291
0.0119617
0.012604
0.0119652
0.0118551
0.0117438
0.0110884
0.0116086
0.0116692
0.0120182
0.0114036
0.0113425
0.0103548
0.0102037
0.0105145
0.00998109
0.010118
0.00982688
0.0100651
0.0096809
0.00983405
0.00861473
0.00824826
0.0084215
0.00858641
0.00893209
0.00917384
0.00933309
0.00890367
0.00896691
0.00962844
0.00939253
0.00927198
0.00998235
0.00994648
0.00989564
0.0100489
0.0101795
0.010246
0.0101595
0.0103488
0.0104061
0.0103625
0.0107413
0.0102574
0.0105851
0.0117056
0.0114119
0.0118194
0.0124681
0.0122425
0.0129182
0.0119728
0.0125455
0.0127978
0.0133415
0.0133607
0.0135822
0.0134964
0.0135521
0.0128278
0.0129797
0.0130316
0.0131141
0.012969
0.0129866
0.0140896
0.0141506
0.0131572
0.0145744
0.0150084
0.0148521
0.0139571
0.0134483
0.0133879
0.0131029
0.0120545
0.0121155
0.0120815
0.0120032
0.0127501
0.0127028
0.0128362
0.0121506
0.0132009
0.0140867
0.0142412
0.015034
0.0147236
0.0140243
0.0140732
0.0127834
0.0136566
0.0133458
0.0138969
0.013976
0.0141516
0.0138775
0.0130015
0.0124135
0.01388
0.0148845
0.0149734
0.016282
0.0158087
0.0157896
0.0150138
0.0152172
0.015244
0.0140271
0.0148129
0.0146385
0.0139421
0.0144835
0.0157723
0.0134448
0.0137476
0.0144762
0.0136957
0.0132592
0.0137133
0.0142823
0.0137572
0.0145302
0.0151848
0.0154428
0.0147476
0.0127384
0.0134521
0.012816
0.0127031
0.0126623
0.0124466
0.0125469
0.0136601
0.0134032
0.0141689
0.0149746
0.0153844
0.0147719
0.0151442
0.014345
0.0149927
0.0149193
0.0167227
0.0162039
0.0156615
0.0155212
0.0140921
0.0139874
0.0145992
0.013265
0.0124465
0.0127238
0.0130704
0.0133898
0.0132055
0.0134147
0.0120676
0.0124166
0.0129248
0.0124975
0.0135337
0.0129565
0.0131952
0.0110961
0.0112249
0.0108826
0.0106427
0.0098015
0.0100728
0.0094246
0.0101574
0.0100801
0.0108356
0.0109833
0.0116176
0.0116144
0.0122698
0.0130084
0.0131271
0.0122226
0.0108819
0.0100087
0.0107215
0.0101375
0.00988732
0.0105355
0.0107377
0.0109661
0.0105892
0.0106532
0.0108808
0.0108874
0.00955813
0.00927187
0.00952134
0.00895732
0.00874024
0.00868533
0.00857987
0.00870354
0.00846901
0.00876722
0.00834402
0.00776284
0.00762482
0.00695827
0.00668027
0.00643044
0.00665759
0.00606074
0.00615516
0.00606012
0.00657451
0.00672811
0.00638489
0.00697691
0.00707502
0.00723369
0.00723234
0.00669708
0.00671312
0.00671894
0.00658129
0.00680468
0.00665453
0.00694436
0.00688937
0.00661616
0.00645125
0.00645199
0.00636654
0.00585928
0.00620137
0.0065141
0.00633954
0.00602123
0.00587344
0.0058983
0.00607479
0.0061913
0.00614083
0.00655499
0.00648903
0.00685559
0.00680929
0.00717891
0.00701709
0.00717945
0.00756417
0.00751541
0.00751177
0.00786749
0.00773454
0.00816813
0.00809403
0.00838693
0.00847694
0.00865136
0.00797278
0.00802415
0.00782017
0.00725556
0.00692595
0.00695456
0.00686634
0.00674931
0.00670562
0.00641575
0.00623874
0.00629573
0.00668801
0.00654175
0.00633363
0.00616874
0.00628339
0.00576441
0.00571167
0.00586224
0.00570919
0.00573039
0.00582961
0.00578578
0.00587102
0.00578417
0.00601207
0.00579909
0.00587656
0.00577977
0.00568031
0.0058547
0.00590788
0.00613472
0.00622523
0.0063986
0.00650965
0.00623138
0.00635875
0.00637548
0.00623709
0.0060373
0.00580473
0.00559232
0.00570149
0.00566019
0.00562688
0.0055025
0.00559591
0.00565888
0.00565618
0.00570809
0.00564263
0.00591671
0.00591947
0.00607436
0.00623373
0.00543248
0.00538918
0.00543947
0.0056099
0.00557249
0.00562747
0.00562843
0.0056467
0.00548715
0.00556259
0.00536208
0.00547707
0.00541606
0.00530442
0.00555958
0.00559069
0.00575528
0.00561171
0.00571162
0.00610817
0.00611101
0.00594845
0.00583957
0.00565159
0.00568924
0.0057658
0.00596169
0.00619053
0.00624632
0.00633396
0.00589987
0.00623022
0.00619607
0.00626011
0.00612805
0.00604726
0.00564111
0.00544582
0.00532716
0.00553382
0.00582963
0.00576065
0.00573632
0.00612945
0.00638967
0.0064096
0.00684523
0.00681998
0.00680241
0.00632172
0.00619917
0.00615278
0.00617088
0.00581444
0.00593067
0.00573525
0.00567714
0.00545732
0.0055032
0.00547819
0.00552886
0.00550283
0.00532838
0.00549153
0.00560272
0.00547086
0.00523196
0.00528525
0.00538465
0.00577728
0.00589241
0.00591251
0.00588495
0.00580191
0.00591255
0.00576746
0.0057229
0.00559818
0.00574821
0.00595602
0.00565449
0.00551053
0.0054311
0.00509035
0.00510996
0.00523462
0.00508852
0.00482385
0.00473157
0.00476854
0.00471344
0.00477596
0.00472849
0.00475329
0.00486735
0.00473397
0.00465545
0.00474144
0.00479048
0.00494862
0.00505484
0.00501946
0.00500601
0.00484476
0.00478797
0.00478677
0.00470594
0.0046269
0.00460796
0.00467502
0.004616
0.00456247
0.00457437
0.00449353
0.00444099
0.00442035
0.00433152
0.00434644
0.00438845
0.0044478
0.00442159
0.00441499
0.00433649
0.00433611
0.00439455
0.00442907
0.00447417
0.00446872
0.00447235
0.00443493
0.00446877
0.00441081
0.00439374
0.00440208
0.0043209
0.00431084
0.00430965
0.0042887
0.00426721
0.00430774
0.0042616
0.0042242
0.00416834
0.00416239
0.00409781
0.00410102
0.00413987
0.0041398
0.00418729
0.00422936
0.00422483
0.00422884
0.00431595
0.00436394
0.00440504
0.00440821
0.00445716
0.00443804
0.00438829
0.00434474
0.00441582
0.00437403
0.00443366
0.00443489
0.00444413
0.00436724
0.00440852
0.00440406
0.00438882
0.00441481
0.00446075
0.00437372
0.00435728
0.00438801
0.0043545
0.00432997
0.00434322
0.00428597
0.00424633
0.00431327
0.00436237
0.00431297
0.00433685
0.0043406
0.00434333
0.00428738
0.00429909
0.00425033
0.00420221
0.0041815
0.00413869
0.00411164
0.00412152
0.00413022
0.00409562
0.0040865
0.00405777
0.00409066
0.00402714
0.00400365
0.00397414
0.00398119
0.00397201
0.00397666
0.00397348
0.00397125
0.00397964
0.00398352
0.00397177
0.00396329
0.00396175
0.00395102
0.00395175
0.00395602
0.0039605
0.00395777
0.00396609
0.00397697
0.00398604
0.00396981
0.00394494
0.00395474
0.00395687
0.00394161
0.00393419
0.00392584
0.00392957
0.00392124
0.00391869
0.00392088
0.00391974
0.00392153
0.00392119
0.00392317
0.00391916
0.00391546
0.00391523
0.00391114
0.00391165
0.00391675
0.0039167
0.00391674
0.00391291
0.00391419
0.0039129
0.00391442
0.00391036
0.00390885
0.00391202
0.00391222
0.00391365
0.00391582
0.00391426
0.00391327
0.00391491
0.00391069
0.00390937
0.00391035
0.00391576
0.00391768
0.00391596
0.00391564
0.00391389
0.00391404
0.00391562
0.00391399
0.0039141
0.00391075
0.00390946
0.00390764
0.00390812
0.0039053
0.00390586
0.00390694
0.00390816
0.00390951
0.00390923
0.0039068
0.00390533
0.00391018
0.00390819
0.00391222
0.00391079
0.00391513
0.00391518
0.00391633
0.00391684
0.00391446
0.00391417
0.00391886
0.00391477
0.00391573
0.0039181
0.00391807
0.00392004
0.003922
0.00392354
0.00392645
0.0039259
0.00393073
0.00392664
0.00392732
0.00392606
0.00392821
0.00392976
0.00393715
0.00393259
0.00392845
0.0039301
0.00392669
0.00392385
0.00392484
0.00392247
0.00392069
0.00392046
0.00391911
0.00392074
0.00391751
0.00391856
0.00391942
0.00391972
0.00392359
0.00392388
0.00391781
0.00391778
0.00391623
0.00391677
0.0039172
0.00391619
0.00391561
0.00391541
0.00391721
0.0039171
0.00391787
0.00391577
0.00391899
0.0039201
0.00391992
0.00391885
0.0039196
0.00392054
0.00391944
0.00391961
0.00391756
0.00391547
0.0039155
0.00391618
0.00391373
0.00391365
0.00391388
0.00391379
0.00391172
0.00391241
0.00391275
0.00391466
0.00391576
0.00391537
0.00391453
0.00391112
0.0039107
0.00390996
0.00390919
0.00390917
0.00390908
0.00390831
0.00390845
0.00390841
0.00390852
0.00390818
0.00390809
0.00390821
0.00390825
0.00390802
0.00390783
0.00390807
0.00390818
0.00390844
0.00390858
0.00390917
0.00390912
0.00390912
0.00390914
0.00390922
0.00390939
0.00390978
0.00390942
0.00390947
0.0039091
0.00390925
0.00390981
0.00391006
0.00391008
0.00390975
0.00390943
0.00390962
0.00390981
0.00391009
0.00391024
0.00391049
0.0039104
0.00391088
0.00391069
0.0039108
0.00391086
0.00391062
0.00391082
0.00391087
0.00391045
0.00391056
0.00391055
0.00391068
0.00391076
0.00391079
0.00391084
0.00391077
0.00391088
0.00391094
0.00391082
0.00391109
0.00391117
0.00391144
0.00391152
0.0039116
0.00391155
0.00391176
0.00391184
0.00391179
0.00391186
0.00391193
0.00391213
0.00391221
0.00391227
0.00391239
0.00391247
0.00391263
0.00391257
0.00391264
0.00391269
0.00391259
0.00391266
0.00391274
0.00391281
0.00391288
0.00391296
0.00391303
0.00391311
0.00391318
0.00391333
0.0039134
0.00391348
0.00391355
0.00391352
0.00391359
0.00391367
0.00391374
0.00391382
0.00391389
0.00391396
0.00391404
0.00391411
0.00391419
0.00391426
0.00391433
0.00391434
0.00391433
0.00391441
0.00391448
0.00391455
0.00391463
0.0039147
0.00391473
0.0039148
0.00391488
0.00391495
0.00391503
0.0039151
0.00391518
0.00391525
0.00391532
0.0039154
0.00391547
0.00391555
0.00391572
0.0039158
0.00391587
0.00391594
0.00391602
0.00391609
0.00391617
0.00391628
0.00391635
0.00391643
0.0039165
0.00391658
0.00391665
0.00391672
0.0039168
0.00391687
0.00391695
0.00391702
0.00391709
0.00391717
0.00391724
0.00391732
0.00391739
0.00391747
0.00391754
0.00391761
0.00391769
0.00391776
0.00391784
0.00391791
0.00391799
0.00391806
0.00391813
0.00391821
0.00391828
0.00391836
0.00391843
0.0039185
0.00391858
0.00391869
0.00391876
0.00391884
0.00391891
0.00391899
0.00391906
0.00391914
0.00391921
0.00391928
0.00391936
0.00391943
0.00391951
0.00391958
0.00391966
0.00391973
0.0039198
0.00391988
0.00391995
0.00392003
0.0039201
0.00392017
0.00392025
0.00392032
0.0039204
0.00392047
0.00392055
0.00392062
0.00392069
0.00392077
0.00392084
0.00392092
0.00392099
0.00392107
0.00392114
0.00392121
0.00392129
0.00392136
0.00392144
0.00392151
0.00392159
0.00392166
0.00392173
0.00392181
0.00392188
0.00392196
0.00392203
0.00392211
0.00392218
0.00392225
0.00392233
0.0039224
0.00392248
0.00392255
0.00392263
0.0039227
0.00392277
0.00392285
0.00392292
0.003923
0.00392307
0.00392315
0.00392322
0.00392329
0.00392337
0.00392344
0.00392352
0.00392359
0.00392367
0.00392374
0.00392381
0.00392389
0.00392396
0.00392404
0.00392411
0.00392419
0.00392426
0.00392433
0.00392441
0.00392448
0.00392456
0.00392463
0.00392471
0.00392478
0.00392485
0.00392493
0.003925
0.00392508
0.00392515
0.00392523
0.0039253
0.00392538
0.00392545
0.00392552
0.0039256
0.00392567
0.00392575
0.00392582
0.0039259
0.00392597
0.00392604
0.00392612
0.00392619
0.00392627
0.00392634
0.00392642
0.00392649
0.00392657
0.00392664
0.00392671
0.00392679
0.00392686
0.00392694
0.00392701
0.00392709
0.00392716
0.00392723
0.00392731
0.00392738
0.00392746
0.00392753
0.00392761
0.00392768
0.00392776
0.00392783
0.0039279
0.00392798
0.00392805
0.00392813
0.0039282
0.00392828
0.00392835
0.00392842
0.0039285
0.00392857
0.00392865
0.00392872
0.0039288
0.00392887
0.00392895
0.00392902
0.00392909
0.00392917
0.00392924
0.00392932
0.00392939
0.00392947
0.00392954
0.00392962
0.00392969
0.00392976
0.00392984
0.00392991
0.00392999
0.00393006
0.00393014
0.00393021
0.00393029
0.00393036
0.00393043
0.00393051
0.00393058
0.00393066
0.00393073
0.00393081
0.00393088
0.00393096
0.00393103
0.0039311
0.00393118
0.00393125
0.00393133
0.0039314
0.00393148
0.00393155
0.00393163
0.0039317
0.00393177
0.00393185
0.00393192
0.003932
0.00393207
0.00393215
0.00393222
0.0039323
0.00393237
0.00393244
0.00393252
0.00393259
0.00393267
0.00393274
0.00393282
0.00393289
0.00393297
0.00393304
0.00393311
0.00393319
0.00393326
0.00393334
0.00393341
0.00393349
0.00393356
0.00393364
0.00393371
0.00393379
0.00393386
0.00393393
0.00393401
0.00393408
0.00393416
0.00393423
0.00393431
0.00393438
0.00393446
0.00393453
0.0039346
0.00393468
0.00393475
0.00393483
0.0039349
0.00393498
0.00393505
0.00393513
0.0039352
0.00393528
0.00393535
0.00393542
0.0039355
0.00393557
0.00393565
0.00393572
0.0039358
0.00393587
0.00393595
0.00393602
0.0039361
0.00393617
0.00393624
0.00393632
0.00393639
0.00393647
0.00393654
0.00393662
0.00393669
0.00393677
0.00393684
0.00393692
0.00393699
0.00393706
0.00393714
0.00393721
0.00393729
0.00393736
0.00393744
0.00393751
0.00393759
0.00393766
0.00393774
0.00393781
0.00393789
0.00393796
0.00393803
0.00393811
0.00393818
0.00393826
0.00393833
0.00393841
0.00393848
0.00393856
0.00393863
0.00393871
0.00393878
0.00393885
0.00393893
0.003939
0.00393908
0.00393915
0.00393923
0.0039393
0.00393938
0.00393945
0.00393953
0.0039396
0.00393968
0.00393975
0.00393982
0.0039399
0.00393997
0.00394005
0.00394012
0.0039402
0.00394027
0.00394035
0.00394042
0.0039405
0.00394057
0.00394065
0.00394072
0.00394079
0.00394087
0.00394094
0.00394102
0.00394109
0.00394117
0.00394124
0.00394132
0.00394139
0.00394147
0.00394154
0.00394162
0.00394169
0.00394177
0.00394184
0.00394191
0.00394199
0.00394206
0.00394214
0.00394221
0.00394229
0.00394236
0.00394244
0.00394251
0.00394259
0.00394266
0.00394274
0.00394281
0.00394289
0.00394296
0.00394303
0.00394311
0.00394318
0.00394326
0.00394333
0.00394341
0.00394348
0.00394356
0.00394363
0.00394371
0.00394378
0.00394386
0.00394393
0.00394401
0.00394408
0.00394415
0.00394423
0.0039443
0.00394438
0.00394445
0.00394453
0.0039446
0.00394468
0.00394475
0.00394483
0.0039449
0.00394498
0.00394505
0.00394513
0.0039452
0.00394528
0.00394535
0.00394542
0.0039455
0.00394557
0.00394565
0.00394572
0.0039458
0.00394587
0.00394595
0.00394602
0.0039461
0.00394617
0.00394625
0.00394632
0.0039464
0.00394647
0.00394655
0.00394662
0.0039467
0.00394677
0.00394685
0.00394692
0.00394699
0.00394707
0.00394714
0.00394722
0.00394729
0.00394737
0.00394744
0.00394752
0.00394759
0.00394767
0.00394774
0.00394782
0.00394789
0.00394797
0.00394804
0.00394812
0.00394819
0.00394827
0.00394834
0.00394842
0.00394849
0.00394856
0.00394864
0.00394871
0.00394879
0.00394886
0.00394894
0.00394901
0.00394909
0.00394916
0.00394924
0.00394931
0.00394939
0.00394946
0.00394954
0.00394961
0.00394969
0.00394976
0.00394984
0.00394991
0.00394999
0.00395006
0.00395014
0.00395021
0.00395029
0.00395036
0.00395043
0.00395051
0.00395058
0.00395066
0.00395073
0.00395081
0.00395088
0.00395096
0.00395103
0.00395111
0.00395118
0.00395126
0.00395133
0.00395141
0.00395148
0.00395156
0.00395163
0.00395171
0.00395178
0.00395186
0.00395193
0.00395201
0.00395208
0.00395216
0.00395223
0.00395231
0.00395238
0.00395246
0.00395253
0.00395261
0.00395268
0.00395275
0.00395283
0.0039529
0.00395298
0.00395305
0.00395313
0.0039532
0.00395328
0.00395335
0.00395343
0.0039535
0.00395358
0.00395365
0.00395373
0.0039538
0.00395388
0.00395395
0.00395403
0.0039541
0.00395418
0.00395425
0.00395433
0.0039544
0.00395448
0.00395455
0.00395463
0.0039547
0.00395478
0.00395485
0.00395493
0.003955
0.00395508
0.00395515
0.00395523
0.0039553
0.00395538
0.00395545
0.00395553
0.0039556
0.00395568
0.00395575
0.00395583
0.0039559
0.00395598
0.00395605
0.00395612
0.0039562
0.00395627
0.00395635
0.00395642
0.0039565
0.00395657
0.00395665
0.00395672
0.0039568
0.00395687
0.00395695
0.00395702
0.0039571
0.00395717
0.00395725
0.00395732
0.0039574
0.00395747
0.00395755
0.00395762
0.0039577
0.00395777
0.00395785
0.00395792
0.003958
0.00395807
0.00395815
0.00395822
0.0039583
0.00395837
0.00395845
0.00395852
0.0039586
0.00395867
0.00395875
0.00395882
0.0039589
0.00395897
0.00395905
0.00395912
0.0039592
0.00395927
0.00395935
0.00395942
0.0039595
0.00395957
0.00395965
0.00395972
0.0039598
0.00395987
0.00395995
0.00396002
0.0039601
0.00396017
0.00396025
0.00396032
0.0039604
0.00396047
0.00396055
0.00396062
0.0039607
0.00396077
0.00396085
0.00396092
0.003961
0.00396107
0.00396115
0.00396122
0.0039613
0.00396137
0.00396145
0.00396152
0.0039616
0.00396167
0.00396175
0.00396182
0.0039619
0.00396197
0.00396205
0.00396212
0.0039622
0.00396227
0.00396235
0.00396242
0.0039625
0.00396257
0.00396265
0.00396272
0.0039628
0.00396287
0.00396295
0.00396302
0.0039631
0.00396317
0.00396325
0.00396332
0.0039634
0.00396347
0.00396355
0.00396362
0.0039637
0.00396377
0.00396385
0.00396393
0.003964
0.00396408
0.00396415
0.00396423
0.0039643
0.00396438
0.00396445
0.00396453
0.0039646
0.00396468
0.00396475
0.00396483
0.0039649
0.00396498
0.00396505
0.00396513
0.0039652
0.00396528
0.00396535
0.00396543
0.0039655
0.00396558
0.00396565
0.00396573
0.0039658
0.00396588
0.00396595
0.00396603
0.0039661
0.00396618
0.00396625
0.00396633
0.0039664
0.00396648
0.00396655
0.00396663
0.0039667
0.00396678
0.00396685
0.00396693
0.003967
0.00396708
0.00396715
0.00396723
0.0039673
0.00396738
0.00396746
0.00396753
0.00396761
0.00396768
0.00396776
0.00396783
0.00396791
0.00396798
0.00396806
0.00396813
0.00396821
0.00396828
0.00396836
0.00396843
0.00396851
0.00396858
0.00396866
0.00396873
0.00396881
0.00396888
0.00396896
0.00396903
0.00396911
0.00396918
0.00396926
0.00396933
0.00396941
0.00396948
0.00396956
0.00396963
0.00396971
0.00396979
0.00396986
0.00396994
0.00397001
0.00397009
0.00397016
0.00397024
0.00397031
0.00397039
0.00397046
0.00397054
0.00397061
0.00397069
0.00397076
0.00397084
0.00397091
0.00397099
0.00397106
0.00397114
0.00397121
0.00397129
0.00397136
0.00397144
0.00397151
0.00397159
0.00397167
0.00397174
0.00397182
0.00397189
0.00397197
0.00397204
0.00397212
0.00397219
0.00397227
0.00397234
0.00397242
0.00397249
0.00397257
0.00397264
0.00397272
0.00397279
0.00397287
0.00397294
0.00397302
0.00397309
0.00397317
0.00397325
0.00397332
0.0039734
0.00397347
0.00397355
0.00397362
0.0039737
0.00397377
0.00397385
0.00397392
0.003974
0.00397407
0.00397415
0.00397422
0.0039743
0.00397437
0.00397445
0.00397452
0.0039746
0.00397468
0.00397475
0.00397483
0.0039749
0.00397498
0.00397505
0.00397513
0.0039752
0.00397528
0.00397535
0.00397543
0.0039755
0.00397558
0.00397565
0.00397573
0.0039758
0.00397588
0.00397596
0.00397603
0.00397611
0.00397618
0.00397626
0.00397633
0.00397641
0.00397648
0.00397656
0.00397663
0.00397671
0.00397678
0.00397686
0.00397693
0.00397701
0.00397708
0.00397716
0.00397724
0.00397731
0.00397739
0.00397746
0.00397754
0.00397761
0.00397769
0.00397776
0.00397784
0.00397791
0.00397799
0.00397806
0.00397814
0.00397821
0.00397829
0.00397837
0.00397844
0.00397852
0.00397859
0.00397867
0.00397874
0.00397882
0.00397889
0.00397897
0.00397904
0.00397912
0.00397919
0.00397927
0.00397935
0.00397942
0.0039795
0.00397957
0.00397965
0.00397972
0.0039798
0.00397987
0.00397995
0.00398002
0.0039801
0.00398017
0.00398025
0.00398033
0.0039804
0.00398048
0.00398055
0.00398063
0.0039807
0.00398078
0.00398085
0.00398093
0.003981
0.00398108
0.00398115
0.00398123
0.00398131
0.00398138
0.00398146
0.00398153
0.00398161
0.00398168
0.00398176
0.00398183
0.00398191
0.00398198
0.00398206
0.00398213
0.00398221
0.00398229
0.00398236
0.00398244
0.00398251
0.00398259
0.00398266
0.00398274
0.00398281
0.00398289
0.00398296
0.00398304
0.00398312
0.00398319
0.00398327
0.00398334
0.00398342
0.00398349
0.00398357
0.00398364
0.00398372
0.00398379
0.00398387
0.00398395
0.00398402
0.0039841
0.00398417
0.00398425
0.00398432
0.0039844
0.00398447
0.00398455
0.00398462
0.0039847
0.00398478
0.00398485
0.00398493
0.003985
0.00398508
