0
0.000378788
0.000757576
0.00113636
0.00151515
0.00189394
0.00227273
0.00265152
0.0030303
0.00340909
0.00378788
0.00416667
0.00454545
0.00492424
0.00530303
0.00568182
0.00606061
0.00643939
0.00681818
0.00719697
0.00757576
0.00795455
0.00833333
0.00871212
0.00909091
0.0094697
0.00984848
0.0102273
0.0106061
0.0109848
0.0113636
0.0117424
0.0121212
0.0125
0.0128788
0.0132576
0.0136364
0.0140152
0.0143939
0.0147727
0.0151515
0.0155303
0.0159091
0.0162879
0.0166667
0.0170455
0.0174242
0.017803
0.0181818
0.0185606
0.0189394
0.0193182
0.019697
0.0200758
0.0204545
0.0208333
0.0212121
0.0215909
0.0219697
0.0223485
0.0227273
0.0231061
0.0234848
0.0238636
0.0242424
0.0246212
0.025
0.0253788
0.0257576
0.0261364
0.0265152
0.0268939
0.0272727
0.0276515
0.0280303
0.0284091
0.0287879
0.0291667
0.0295455
0.0299242
0.030303
0.0306818
0.0310606
0.0314394
0.0318182
0.032197
0.0325758
0.0329545
0.0333333
0.0337121
0.0340909
0.0344697
0.0348485
0.0352273
0.0356061
0.0359848
0.0363636
0.0367424
0.0371212
0.0375
0.0378788
0.0382576
0.0386364
0.0390152
0.0393939
0.0397727
0.0401515
0.0405303
0.0409091
0.0412879
0.0416667
0.0420455
0.0424242
0.042803
0.0431818
0.0435606
0.0439394
0.0443182
0.044697
0.0450758
0.0454545
0.0458333
0.0462121
0.0465909
0.0469697
0.0473485
0.0477273
0.0481061
0.0484848
0.0488636
0.0492424
0.0496212
0.05
0.0503788
0.0507576
0.0511364
0.0515152
0.0518939
0.0522727
0.0526515
0.0530303
0.0534091
0.0537879
0.0541667
0.0545455
0.0549242
0.055303
0.0556818
0.0560606
0.0564394
0.0568182
0.057197
0.0575758
0.0579545
0.0583333
0.0587121
0.0590909
0.0594697
0.0598485
0.0602273
0.0606061
0.0609848
0.0613636
0.0617424
0.0621212
0.0625
0.0628788
0.0632576
0.0636364
0.0640152
0.0643939
0.0647727
0.0651515
0.0655303
0.0659091
0.0662879
0.0666667
0.0670455
0.0674242
0.067803
0.0681818
0.0685606
0.0689394
0.0693182
0.069697
0.0700758
0.0704545
0.0708333
0.0712121
0.0715909
0.0719697
0.0723485
0.0727273
0.0731061
0.0734848
0.0738636
0.0742424
0.0746212
0.075
0.0753788
0.0757576
0.0761364
0.0765152
0.0768939
0.0772727
0.0776515
0.0780303
0.0784091
0.0787879
0.0791667
0.0795455
0.0799242
0.080303
0.0806818
0.0810606
0.0814394
0.0818182
0.082197
0.0825758
0.0829545
0.0833333
0.0837121
0.0840909
0.0844697
0.0848485
0.0852273
0.0856061
0.0859848
0.0863636
0.0867424
0.0871212
0.0875
0.0878788
0.0882576
0.0886364
0.0890152
0.0893939
0.0897727
0.0901515
0.0905303
0.0909091
0.0912879
0.0916667
0.0920455
0.0924242
0.092803
0.0931818
0.0935606
0.0939394
0.0943182
0.094697
0.0950758
0.0954545
0.0958333
0.0962121
0.0965909
0.0969697
0.0973485
0.0977273
0.0981061
0.0984848
0.0988636
0.0992424
0.0996212
0.1
0.100379
0.100758
0.101136
0.101515
0.101894
0.102273
0.102652
0.10303
0.103409
0.103788
0.104167
0.104545
0.104924
0.105303
0.105682
0.106061
0.106439
0.106818
0.107197
0.107576
0.107955
0.108333
0.108712
0.109091
0.10947
0.109848
0.110227
0.110606
0.110985
0.111364
0.111742
0.112121
0.1125
0.112879
0.113258
0.113636
0.114015
0.114394
0.114773
0.115152
0.11553
0.115909
0.116288
0.116667
0.117045
0.117424
0.117803
0.118182
0.118561
0.118939
0.119318
0.119697
0.120076
0.120455
0.120833
0.121212
0.121591
0.12197
0.122348
0.122727
0.123106
0.123485
0.123864
0.124242
0.124621
0.125
0.125379
0.125758
0.126136
0.126515
0.126894
0.127273
0.127652
0.12803
0.128409
0.128788
0.129167
0.129545
0.129924
0.130303
0.130682
0.131061
0.131439
0.131818
0.132197
0.132576
0.132955
0.133333
0.133712
0.134091
0.13447
0.134848
0.135227
0.135606
0.135985
0.136364
0.136742
0.137121
0.1375
0.137879
0.138258
0.138636
0.139015
0.139394
0.139773
0.140152
0.14053
0.140909
0.141288
0.141667
0.142045
0.142424
0.142803
0.143182
0.143561
0.143939
0.144318
0.144697
0.145076
0.145455
0.145833
0.146212
0.146591
0.14697
0.147348
0.147727
0.148106
0.148485
0.148864
0.149242
0.149621
0.15
0.150379
0.150758
0.151136
0.151515
0.151894
0.152273
0.152652
0.15303
0.153409
0.153788
0.154167
0.154545
0.154924
0.155303
0.155682
0.156061
0.156439
0.156818
0.157197
0.157576
0.157955
0.158333
0.158712
0.159091
0.15947
0.159848
0.160227
0.160606
0.160985
0.161364
0.161742
0.162121
0.1625
0.162879
0.163258
0.163636
0.164015
0.164394
0.164773
0.165152
0.16553
0.165909
0.166288
0.166667
0.167045
0.167424
0.167803
0.168182
0.168561
0.168939
0.169318
0.169697
0.170076
0.170455
0.170833
0.171212
0.171591
0.17197
0.172348
0.172727
0.173106
0.173485
0.173864
0.174242
0.174621
0.175
0.175379
0.175758
0.176136
0.176515
0.176894
0.177273
0.177652
0.17803
0.178409
0.178788
0.179167
0.179545
0.179924
0.180303
0.180682
0.181061
0.181439
0.181818
0.182197
0.182576
0.182955
0.183333
0.183712
0.184091
0.18447
0.184848
0.185227
0.185606
0.185985
0.186364
0.186742
0.187121
0.1875
0.187879
0.188258
0.188636
0.189015
0.189394
0.189773
0.190152
0.19053
0.190909
0.191288
0.191667
0.192045
0.192424
0.192803
0.193182
0.193561
0.193939
0.194318
0.194697
0.195076
0.195455
0.195833
0.196212
0.196591
0.19697
0.197348
0.197727
0.198106
0.198485
0.198864
0.199242
0.199621
0.2
0.200379
0.200758
0.201136
0.201515
0.201894
0.202273
0.202652
0.20303
0.203409
0.203788
0.204167
0.204545
0.204924
0.205303
0.205682
0.206061
0.206439
0.206818
0.207197
0.207576
0.207955
0.208333
0.208712
0.209091
0.20947
0.209848
0.210227
0.210606
0.210985
0.211364
0.211742
0.212121
0.2125
0.212879
0.213258
0.213636
0.214015
0.214394
0.214773
0.215152
0.21553
0.215909
0.216288
0.216667
0.217045
0.217424
0.217803
0.218182
0.218561
0.218939
0.219318
0.219697
0.220076
0.220455
0.220833
0.221212
0.221591
0.22197
0.222348
0.222727
0.223106
0.223485
0.223864
0.224242
0.224621
0.225
0.225379
0.225758
0.226136
0.226515
0.226894
0.227273
0.227652
0.22803
0.228409
0.228788
0.229167
0.229545
0.229924
0.230303
0.230682
0.231061
0.231439
0.231818
0.232197
0.232576
0.232955
0.233333
0.233712
0.234091
0.23447
0.234848
0.235227
0.235606
0.235985
0.236364
0.236742
0.237121
0.2375
0.237879
0.238258
0.238636
0.239015
0.239394
0.239773
0.240152
0.24053
0.240909
0.241288
0.241667
0.242045
0.242424
0.242803
0.243182
0.243561
0.243939
0.244318
0.244697
0.245076
0.245455
0.245833
0.246212
0.246591
0.24697
0.247348
0.247727
0.248106
0.248485
0.248864
0.249242
0.249621
0.25
0.250379
0.250758
0.251136
0.251515
0.251894
0.252273
0.252652
0.25303
0.253409
0.253788
0.254167
0.254545
0.254924
0.255303
0.255682
0.256061
0.256439
0.256818
0.257197
0.257576
0.257955
0.258333
0.258712
0.259091
0.25947
0.259848
0.260227
0.260606
0.260985
0.261364
0.261742
0.262121
0.2625
0.262879
0.263258
0.263636
0.264015
0.264394
0.264773
0.265152
0.26553
0.265909
0.266288
0.266667
0.267045
0.267424
0.267803
0.268182
0.268561
0.268939
0.269318
0.269697
0.270076
0.270455
0.270833
0.271212
0.271591
0.27197
0.272348
0.272727
0.273106
0.273485
0.273864
0.274242
0.274621
0.275
0.275379
0.275758
0.276136
0.276515
0.276894
0.277273
0.277652
0.27803
0.278409
0.278788
0.279167
0.279545
0.279924
0.280303
0.280682
0.281061
0.281439
0.281818
0.282197
0.282576
0.282955
0.283333
0.283712
0.284091
0.28447
0.284848
0.285227
0.285606
0.285985
0.286364
0.286742
0.287121
0.2875
0.287879
0.288258
0.288636
0.289015
0.289394
0.289773
0.290152
0.29053
0.290909
0.291288
0.291667
0.292045
0.292424
0.292803
0.293182
0.293561
0.293939
0.294318
0.294697
0.295076
0.295455
0.295833
0.296212
0.296591
0.29697
0.297348
0.297727
0.298106
0.298485
0.298864
0.299242
0.299621
0.3
0.300379
0.300758
0.301136
0.301515
0.301894
0.302273
0.302652
0.30303
0.303409
0.303788
0.304167
0.304545
0.304924
0.305303
0.305682
0.306061
0.306439
0.306818
0.307197
0.307576
0.307955
0.308333
0.308712
0.309091
0.30947
0.309848
0.310227
0.310606
0.310985
0.311364
0.311742
0.312121
0.3125
0.312879
0.313258
0.313636
0.314015
0.314394
0.314773
0.315152
0.31553
0.315909
0.316288
0.316667
0.317045
0.317424
0.317803
0.318182
0.318561
0.318939
0.319318
0.319697
0.320076
0.320455
0.320833
0.321212
0.321591
0.32197
0.322348
0.322727
0.323106
0.323485
0.323864
0.324242
0.324621
0.325
0.325379
0.325758
0.326136
0.326515
0.326894
0.327273
0.327652
0.32803
0.328409
0.328788
0.329167
0.329545
0.329924
0.330303
0.330682
0.331061
0.331439
0.331818
0.332197
0.332576
0.332955
0.333333
0.333712
0.334091
0.33447
0.334848
0.335227
0.335606
0.335985
0.336364
0.336742
0.337121
0.3375
0.337879
0.338258
0.338636
0.339015
0.339394
0.339773
0.340152
0.34053
0.340909
0.341288
0.341667
0.342045
0.342424
0.342803
0.343182
0.343561
0.343939
0.344318
0.344697
0.345076
0.345455
0.345833
0.346212
0.346591
0.34697
0.347348
0.347727
0.348106
0.348485
0.348864
0.349242
0.349621
0.35
0.350379
0.350758
0.351136
0.351515
0.351894
0.352273
0.352652
0.35303
0.353409
0.353788
0.354167
0.354545
0.354924
0.355303
0.355682
0.356061
0.356439
0.356818
0.357197
0.357576
0.357955
0.358333
0.358712
0.359091
0.35947
0.359848
0.360227
0.360606
0.360985
0.361364
0.361742
0.362121
0.3625
0.362879
0.363258
0.363636
0.364015
0.364394
0.364773
0.365152
0.36553
0.365909
0.366288
0.366667
0.367045
0.367424
0.367803
0.368182
0.368561
0.368939
0.369318
0.369697
0.370076
0.370455
0.370833
0.371212
0.371591
0.37197
0.372348
0.372727
0.373106
0.373485
0.373864
0.374242
0.374621
0.375
0.375379
0.375758
0.376136
0.376515
0.376894
0.377273
0.377652
0.37803
0.378409
0.378788
0.379167
0.379545
0.379924
0.380303
0.380682
0.381061
0.381439
0.381818
0.382197
0.382576
0.382955
0.383333
0.383712
0.384091
0.38447
0.384848
0.385227
0.385606
0.385985
0.386364
0.386742
0.387121
0.3875
0.387879
0.388258
0.388636
0.389015
0.389394
0.389773
0.390152
0.39053
0.390909
0.391288
0.391667
0.392045
0.392424
0.392803
0.393182
0.393561
0.393939
0.394318
0.394697
0.395076
0.395455
0.395833
0.396212
0.396591
0.39697
0.397348
0.397727
0.398106
0.398485
0.398864
0.399242
0.399621
0.4
0.400379
0.400758
0.401136
0.401515
0.401894
0.402273
0.402652
0.40303
0.403409
0.403788
0.404167
0.404545
0.404924
0.405303
0.405682
0.406061
0.406439
0.406818
0.407197
0.407576
0.407955
0.408333
0.408712
0.409091
0.40947
0.409848
0.410227
0.410606
0.410985
0.411364
0.411742
0.412121
0.4125
0.412879
0.413258
0.413636
0.414015
0.414394
0.414773
0.415152
0.41553
0.415909
0.416288
0.416667
0.417045
0.417424
0.417803
0.418182
0.418561
0.418939
0.419318
0.419697
0.420076
0.420455
0.420833
0.421212
0.421591
0.42197
0.422348
0.422727
0.423106
0.423485
0.423864
0.424242
0.424621
0.425
0.425379
0.425758
0.426136
0.426515
0.426894
0.427273
0.427652
0.42803
0.428409
0.428788
0.429167
0.429545
0.429924
0.430303
0.430682
0.431061
0.431439
0.431818
0.432197
0.432576
0.432955
0.433333
0.433712
0.434091
0.43447
0.434848
0.435227
0.435606
0.435985
0.436364
0.436742
0.437121
0.4375
0.437879
0.438258
0.438636
0.439015
0.439394
0.439773
0.440152
0.44053
0.440909
0.441288
0.441667
0.442045
0.442424
0.442803
0.443182
0.443561
0.443939
0.444318
0.444697
0.445076
0.445455
0.445833
0.446212
0.446591
0.44697
0.447348
0.447727
0.448106
0.448485
0.448864
0.449242
0.449621
0.45
0.450379
0.450758
0.451136
0.451515
0.451894
0.452273
0.452652
0.45303
0.453409
0.453788
0.454167
0.454545
0.454924
0.455303
0.455682
0.456061
0.456439
0.456818
0.457197
0.457576
0.457955
0.458333
0.458712
0.459091
0.45947
0.459848
0.460227
0.460606
0.460985
0.461364
0.461742
0.462121
0.4625
0.462879
0.463258
0.463636
0.464015
0.464394
0.464773
0.465152
0.46553
0.465909
0.466288
0.466667
0.467045
0.467424
0.467803
0.468182
0.468561
0.468939
0.469318
0.469697
0.470076
0.470455
0.470833
0.471212
0.471591
0.47197
0.472348
0.472727
0.473106
0.473485
0.473864
0.474242
0.474621
0.475
0.475379
0.475758
0.476136
0.476515
0.476894
0.477273
0.477652
0.47803
0.478409
0.478788
0.479167
0.479545
0.479924
0.480303
0.480682
0.481061
0.481439
0.481818
0.482197
0.482576
0.482955
0.483333
0.483712
0.484091
0.48447
0.484848
0.485227
0.485606
0.485985
0.486364
0.486742
0.487121
0.4875
0.487879
0.488258
0.488636
0.489015
0.489394
0.489773
0.490152
0.49053
0.490909
0.491288
0.491667
0.492045
0.492424
0.492803
0.493182
0.493561
0.493939
0.494318
0.494697
0.495076
0.495455
0.495833
0.496212
0.496591
0.49697
0.497348
0.497727
0.498106
0.498485
0.498864
0.499242
0.499621
0.5
0.500379
0.500758
0.501136
0.501515
0.501894
0.502273
0.502652
0.50303
0.503409
0.503788
0.504167
0.504545
0.504924
0.505303
0.505682
0.506061
0.506439
0.506818
0.507197
0.507576
0.507955
0.508333
0.508712
0.509091
0.50947
0.509848
0.510227
0.510606
0.510985
0.511364
0.511742
0.512121
0.5125
0.512879
0.513258
0.513636
0.514015
0.514394
0.514773
0.515152
0.51553
0.515909
0.516288
0.516667
0.517045
0.517424
0.517803
0.518182
0.518561
0.518939
0.519318
0.519697
0.520076
0.520455
0.520833
0.521212
0.521591
0.52197
0.522348
0.522727
0.523106
0.523485
0.523864
0.524242
0.524621
0.525
0.525379
0.525758
0.526136
0.526515
0.526894
0.527273
0.527652
0.52803
0.528409
0.528788
0.529167
0.529545
0.529924
0.530303
0.530682
0.531061
0.531439
0.531818
0.532197
0.532576
0.532955
0.533333
0.533712
0.534091
0.53447
0.534848
0.535227
0.535606
0.535985
0.536364
0.536742
0.537121
0.5375
0.537879
0.538258
0.538636
0.539015
0.539394
0.539773
0.540152
0.54053
0.540909
0.541288
0.541667
0.542045
0.542424
0.542803
0.543182
0.543561
0.543939
0.544318
0.544697
0.545076
0.545455
0.545833
0.546212
0.546591
0.54697
0.547348
0.547727
0.548106
0.548485
0.548864
0.549242
0.549621
0.55
0.550379
0.550758
0.551136
0.551515
0.551894
0.552273
0.552652
0.55303
0.553409
0.553788
0.554167
0.554545
0.554924
0.555303
0.555682
0.556061
0.556439
0.556818
0.557197
0.557576
0.557955
0.558333
0.558712
0.559091
0.55947
0.559848
0.560227
0.560606
0.560985
0.561364
0.561742
0.562121
0.5625
0.562879
0.563258
0.563636
0.564015
0.564394
0.564773
0.565152
0.56553
0.565909
0.566288
0.566667
0.567045
0.567424
0.567803
0.568182
0.568561
0.568939
0.569318
0.569697
0.570076
0.570455
0.570833
0.571212
0.571591
0.57197
0.572348
0.572727
0.573106
0.573485
0.573864
0.574242
0.574621
0.575
0.575379
0.575758
0.576136
0.576515
0.576894
0.577273
0.577652
0.57803
0.578409
0.578788
0.579167
0.579545
0.579924
0.580303
0.580682
0.581061
0.581439
0.581818
0.582197
0.582576
0.582955
0.583333
0.583712
0.584091
0.58447
0.584848
0.585227
0.585606
0.585985
0.586364
0.586742
0.587121
0.5875
0.587879
0.588258
0.588636
0.589015
0.589394
0.589773
0.590152
0.59053
0.590909
0.591288
0.591667
0.592045
0.592424
0.592803
0.593182
0.593561
0.593939
0.594318
0.594697
0.595076
0.595455
0.595833
0.596212
0.596591
0.59697
0.597348
0.597727
0.598106
0.598485
0.598864
0.599242
0.599621
0.6
0.600379
0.600758
0.601136
0.601515
0.601894
0.602273
0.602652
0.60303
0.603409
0.603788
0.604167
0.604545
0.604924
0.605303
0.605682
0.606061
0.606439
0.606818
0.607197
0.607576
0.607955
0.608333
0.608712
0.609091
0.60947
0.609848
0.610227
0.610606
0.610985
0.611364
0.611742
0.612121
0.6125
0.612879
0.613258
0.613636
0.614015
0.614394
0.614773
0.615152
0.61553
0.615909
0.616288
0.616667
0.617045
0.617424
0.617803
0.618182
0.618561
0.618939
0.619318
0.619697
0.620076
0.620455
0.620833
0.621212
0.621591
0.62197
0.622348
0.622727
0.623106
0.623485
0.623864
0.624242
0.624621
0.625
0.625379
0.625758
0.626136
0.626515
0.626894
0.627273
0.627652
0.62803
0.628409
0.628788
0.629167
0.629545
0.629924
0.630303
0.630682
0.631061
0.631439
0.631818
0.632197
0.632576
0.632955
0.633333
0.633712
0.634091
0.63447
0.634848
0.635227
0.635606
0.635985
0.636364
0.636742
0.637121
0.6375
0.637879
0.638258
0.638636
0.639015
0.639394
0.639773
0.640152
0.64053
0.640909
0.641288
0.641667
0.642045
0.642424
0.642803
0.643182
0.643561
0.643939
0.644318
0.644697
0.645076
0.645455
0.645833
0.646212
0.646591
0.64697
0.647348
0.647727
0.648106
0.648485
0.648864
0.649242
0.649621
0.65
0.650379
0.650758
0.651136
0.651515
0.651894
0.652273
0.652652
0.65303
0.653409
0.653788
0.654167
0.654545
0.654924
0.655303
0.655682
0.656061
0.656439
0.656818
0.657197
0.657576
0.657955
0.658333
0.658712
0.659091
0.65947
0.659848
0.660227
0.660606
0.660985
0.661364
0.661742
0.662121
0.6625
0.662879
0.663258
0.663636
0.664015
0.664394
0.664773
0.665152
0.66553
0.665909
0.666288
0.666667
0.667045
0.667424
0.667803
0.668182
0.668561
0.668939
0.669318
0.669697
0.670076
0.670455
0.670833
0.671212
0.671591
0.67197
0.672348
0.672727
0.673106
0.673485
0.673864
0.674242
0.674621
0.675
0.675379
0.675758
0.676136
0.676515
0.676894
0.677273
0.677652
0.67803
0.678409
0.678788
0.679167
0.679545
0.679924
0.680303
0.680682
0.681061
0.681439
0.681818
0.682197
0.682576
0.682955
0.683333
0.683712
0.684091
0.68447
0.684848
0.685227
0.685606
0.685985
0.686364
0.686742
0.687121
0.6875
0.687879
0.688258
0.688636
0.689015
0.689394
0.689773
0.690152
0.69053
0.690909
0.691288
0.691667
0.692045
0.692424
0.692803
0.693182
0.693561
0.693939
0.694318
0.694697
0.695076
0.695455
0.695833
0.696212
0.696591
0.69697
0.697348
0.697727
0.698106
0.698485
0.698864
0.699242
0.699621
0.7
0.700379
0.700758
0.701136
0.701515
0.701894
0.702273
0.702652
0.70303
0.703409
0.703788
0.704167
0.704545
0.704924
0.705303
0.705682
0.706061
0.706439
0.706818
0.707197
0.707576
0.707955
0.708333
0.708712
0.709091
0.70947
0.709848
0.710227
0.710606
0.710985
0.711364
0.711742
0.712121
0.7125
0.712879
0.713258
0.713636
0.714015
0.714394
0.714773
0.715152
0.71553
0.715909
0.716288
0.716667
0.717045
0.717424
0.717803
0.718182
0.718561
0.718939
0.719318
0.719697
0.720076
0.720455
0.720833
0.721212
0.721591
0.72197
0.722348
0.722727
0.723106
0.723485
0.723864
0.724242
0.724621
0.725
0.725379
0.725758
0.726136
0.726515
0.726894
0.727273
0.727652
0.72803
0.728409
0.728788
0.729167
0.729545
0.729924
0.730303
0.730682
0.731061
0.731439
0.731818
0.732197
0.732576
0.732955
0.733333
0.733712
0.734091
0.73447
0.734848
0.735227
0.735606
0.735985
0.736364
0.736742
0.737121
0.7375
0.737879
0.738258
0.738636
0.739015
0.739394
0.739773
0.740152
0.74053
0.740909
0.741288
0.741667
0.742045
0.742424
0.742803
0.743182
0.743561
0.743939
0.744318
0.744697
0.745076
0.745455
0.745833
0.746212
0.746591
0.74697
0.747348
0.747727
0.748106
0.748485
0.748864
0.749242
0.749621
0.75
0.750379
0.750758
0.751136
0.751515
0.751894
0.752273
0.752652
0.75303
0.753409
0.753788
0.754167
0.754545
0.754924
0.755303
0.755682
0.756061
0.756439
0.756818
0.757197
0.757576
0.757955
0.758333
0.758712
0.759091
0.75947
0.759848
0.760227
0.760606
0.760985
0.761364
0.761742
0.762121
0.7625
0.762879
0.763258
0.763636
0.764015
0.764394
0.764773
0.765152
0.76553
0.765909
0.766288
0.766667
0.767045
0.767424
0.767803
0.768182
0.768561
0.768939
0.769318
0.769697
0.770076
0.770455
0.770833
0.771212
0.771591
0.77197
0.772348
0.772727
0.773106
0.773485
0.773864
0.774242
0.774621
0.775
0.775379
0.775758
0.776136
0.776515
0.776894
0.777273
0.777652
0.77803
0.778409
0.778788
0.779167
0.779545
0.779924
0.780303
0.780682
0.781061
0.781439
0.781818
0.782197
0.782576
0.782955
0.783333
0.783712
0.784091
0.78447
0.784848
0.785227
0.785606
0.785985
0.786364
0.786742
0.787121
0.7875
0.787879
0.788258
0.788636
0.789015
0.789394
0.789773
0.790152
0.79053
0.790909
0.791288
0.791667
0.792045
0.792424
0.792803
0.793182
0.793561
0.793939
0.794318
0.794697
0.795076
0.795455
0.795833
0.796212
0.796591
0.79697
0.797348
0.797727
0.798106
0.798485
0.798864
0.799242
0.799621
0.8
0.800379
0.800758
0.801136
0.801515
0.801894
0.802273
0.802652
0.80303
0.803409
0.803788
0.804167
0.804545
0.804924
0.805303
0.805682
0.806061
0.806439
0.806818
0.807197
0.807576
0.807955
0.808333
0.808712
0.809091
0.80947
0.809848
0.810227
0.810606
0.810985
0.811364
0.811742
0.812121
0.8125
0.812879
0.813258
0.813636
0.814015
0.814394
0.814773
0.815152
0.81553
0.815909
0.816288
0.816667
0.817045
0.817424
0.817803
0.818182
0.818561
0.818939
0.819318
0.819697
0.820076
0.820455
0.820833
0.821212
0.821591
0.82197
0.822348
0.822727
0.823106
0.823485
0.823864
0.824242
0.824621
0.825
0.825379
0.825758
0.826136
0.826515
0.826894
0.827273
0.827652
0.82803
0.828409
0.828788
0.829167
0.829545
0.829924
0.830303
0.830682
0.831061
0.831439
0.831818
0.832197
0.832576
0.832955
0.833333
0.833712
0.834091
0.83447
0.834848
0.835227
0.835606
0.835985
0.836364
0.836742
0.837121
0.8375
0.837879
0.838258
0.838636
0.839015
0.839394
0.839773
0.840152
0.84053
0.840909
0.841288
0.841667
0.842045
0.842424
0.842803
0.843182
0.843561
0.843939
0.844318
0.844697
0.845076
0.845455
0.845833
0.846212
0.846591
0.84697
0.847348
0.847727
0.848106
0.848485
0.848864
0.849242
0.849621
0.85
0.850379
0.850758
0.851136
0.851515
0.851894
0.852273
0.852652
0.85303
0.853409
0.853788
0.854167
0.854545
0.854924
0.855303
0.855682
0.856061
0.856439
0.856818
0.857197
0.857576
0.857955
0.858333
0.858712
0.859091
0.85947
0.859848
0.860227
0.860606
0.860985
0.861364
0.861742
0.862121
0.8625
0.862879
0.863258
0.863636
0.864015
0.864394
0.864773
0.865152
0.86553
0.865909
0.866288
0.866667
0.867045
0.867424
0.867803
0.868182
0.868561
0.868939
0.869318
0.869697
0.870076
0.870455
0.870833
0.871212
0.871591
0.87197
0.872348
0.872727
0.873106
0.873485
0.873864
0.874242
0.874621
0.875
0.875379
0.875758
0.876136
0.876515
0.876894
0.877273
0.877652
0.87803
0.878409
0.878788
0.879167
0.879545
0.879924
0.880303
0.880682
0.881061
0.881439
0.881818
0.882197
0.882576
0.882955
0.883333
0.883712
0.884091
0.88447
0.884848
0.885227
0.885606
0.885985
0.886364
0.886742
0.887121
0.8875
0.887879
0.888258
0.888636
0.889015
0.889394
0.889773
0.890152
0.89053
0.890909
0.891288
0.891667
0.892045
0.892424
0.892803
0.893182
0.893561
0.893939
0.894318
0.894697
0.895076
0.895455
0.895833
0.896212
0.896591
0.89697
0.897348
0.897727
0.898106
0.898485
0.898864
0.899242
0.899621
0.9
0.900379
0.900758
0.901136
0.901515
0.901894
0.902273
0.902652
0.90303
0.903409
0.903788
0.904167
0.904545
0.904924
0.905303
0.905682
0.906061
0.906439
0.906818
0.907197
0.907576
0.907955
0.908333
0.908712
0.909091
0.90947
0.909848
0.910227
0.910606
0.910985
0.911364
0.911742
0.912121
0.9125
0.912879
0.913258
0.913636
0.914015
0.914394
0.914773
0.915152
0.91553
0.915909
0.916288
0.916667
0.917045
0.917424
0.917803
0.918182
0.918561
0.918939
0.919318
0.919697
0.920076
0.920455
0.920833
0.921212
0.921591
0.92197
0.922348
0.922727
0.923106
0.923485
0.923864
0.924242
0.924621
0.925
0.925379
0.925758
0.926136
0.926515
0.926894
0.927273
0.927652
0.92803
0.928409
0.928788
0.929167
0.929545
0.929924
0.930303
0.930682
0.931061
0.931439
0.931818
0.932197
0.932576
0.932955
0.933333
0.933712
0.934091
0.93447
0.934848
0.935227
0.935606
0.935985
0.936364
0.936742
0.937121
0.9375
0.937879
0.938258
0.938636
0.939015
0.939394
0.939773
0.940152
0.94053
0.940909
0.941288
0.941667
0.942045
0.942424
0.942803
0.943182
0.943561
0.943939
0.944318
0.944697
0.945076
0.945455
0.945833
0.946212
0.946591
0.94697
0.947348
0.947727
0.948106
0.948485
0.948864
0.949242
0.949621
0.95
0.950379
0.950758
0.951136
0.951515
0.951894
0.952273
0.952652
0.95303
0.953409
0.953788
0.954167
0.954545
0.954924
0.955303
0.955682
0.956061
0.956439
0.956818
0.957197
0.957576
0.957955
0.958333
0.958712
0.959091
0.95947
0.959848
0.960227
0.960606
0.960985
0.961364
0.961742
0.962121
0.9625
0.962879
0.963258
0.963636
0.964015
0.964394
0.964773
0.965152
0.96553
0.965909
0.966288
0.966667
0.967045
0.967424
0.967803
0.968182
0.968561
0.968939
0.969318
0.969697
0.970076
0.970455
0.970833
0.971212
0.971591
0.97197
0.972348
0.972727
0.973106
0.973485
0.973864
0.974242
0.974621
0.975
0.975379
0.975758
0.976136
0.976515
0.976894
0.977273
0.977652
0.97803
0.978409
0.978788
0.979167
0.979545
0.979924
0.980303
0.980682
0.981061
0.981439
0.981818
0.982197
0.982576
0.982955
0.983333
0.983712
0.984091
0.98447
0.984848
0.985227
0.985606
0.985985
0.986364
0.986742
0.987121
0.9875
0.987879
0.988258
0.988636
0.989015
0.989394
0.989773
0.990152
0.99053
0.990909
0.991288
0.991667
0.992045
0.992424
0.992803
0.993182
0.993561
0.993939
0.994318
0.994697
0.995076
0.995455
0.995833
0.996212
0.996591
0.99697
0.997348
0.997727
0.998106
0.998485
0.998864
0.999242
0.999621
1
