1.25712
1.25038
1.24811
1.24257
1.24292
1.24215
1.24375
1.24637
1.24703
1.24402
1.24643
1.24401
1.24853
1.2451
1.25195
1.25058
1.25466
1.26011
1.26146
1.2661
1.25693
1.25334
1.24613
1.24918
1.24931
1.25006
1.25693
1.2581
1.25618
1.26321
1.26273
1.26974
1.26149
1.26124
1.24919
1.24811
1.24989
1.25718
1.25572
1.26397
1.25522
1.25482
1.25417
1.2541
1.25119
1.24987
1.24966
1.23957
1.25267
1.24955
1.25172
1.24979
1.24526
1.24787
1.2457
1.24323
1.23972
1.24112
1.23691
1.23822
1.23978
1.24039
1.24371
1.24697
1.25027
1.25165
1.24528
1.25076
1.25494
1.26127
1.26718
1.27245
1.26584
1.27498
1.28054
1.286
1.29434
1.29395
1.29416
1.30007
1.30146
1.3005
1.32271
1.31284
1.31997
1.32433
1.31602
1.30899
1.3144
1.31086
1.30802
1.30835
1.31415
1.30972
1.30091
1.30049
1.29879
1.30465
1.29588
1.29547
1.29404
1.29362
1.29309
1.29134
1.29209
1.29233
1.29284
1.29248
1.292
1.29183
1.29318
1.29453
1.2949
1.2926
1.29217
1.29209
1.29236
1.29217
1.29202
1.2928
1.29226
1.29261
1.29255
1.29316
1.29237
1.29295
1.29333
1.29354
1.29418
1.29374
1.29333
1.29372
1.29426
1.29221
1.29457
1.29583
1.29955
1.29982
1.30703
1.31198
1.31334
1.31911
1.31761
1.32433
1.32426
1.32735
1.31646
1.31381
1.30418
1.31029
1.30382
1.30683
1.30427
1.31245
1.31278
1.30511
1.30811
1.32366
1.32699
1.33007
1.3322
1.33827
1.3336
1.34075
1.33795
1.33728
1.34437
1.35097
1.36262
1.35864
1.35892
1.36113
1.35922
1.34247
1.32581
1.33781
1.33129
1.33703
1.33008
1.32199
1.32649
1.33017
1.33271
1.33324
1.33161
1.3395
1.35118
1.34408
1.34115
1.34185
1.33921
1.33838
1.33102
1.33478
1.3402
1.3456
1.34768
1.34832
1.34442
1.35007
1.3587
1.34365
1.3457
1.35869
1.36552
1.36711
1.3902
1.39569
1.39155
1.37851
1.37659
1.37715
1.37104
1.37673
1.38023
1.38457
1.40066
1.40384
1.3979
1.39288
1.40049
1.39528
1.3936
1.39308
1.38651
1.38363
1.3815
1.38428
1.38283
1.38388
1.38444
1.38719
1.38369
1.38397
1.38347
1.38578
1.38657
1.38302
1.38681
1.38343
1.38348
1.38347
1.38057
1.37955
1.37983
1.38053
1.38111
1.38587
1.38809
1.39379
1.38947
1.38603
1.38278
1.3843
1.38676
1.38779
1.39012
1.38867
1.38431
1.3805
1.38218
1.38757
1.39182
1.38665
1.38088
1.37261
1.36878
1.3636
1.36337
1.36167
1.36384
1.36511
1.36714
1.36397
1.36422
1.36546
1.36124
1.35998
1.35761
1.35849
1.35773
1.35991
1.35796
1.35811
1.35868
1.35912
1.35978
1.36033
1.36015
1.36238
1.36611
1.36847
1.37044
1.37943
1.37725
1.37272
1.37114
1.37263
1.36946
1.36285
1.36184
1.36392
1.36155
1.3621
1.36042
1.35993
1.36009
1.36055
1.36019
1.35801
1.36403
1.35738
1.35741
1.35278
1.34944
1.34991
1.35305
1.35552
1.35217
1.35634
1.35704
1.35807
1.36056
1.36093
1.36646
1.36224
1.36301
1.36294
1.35736
1.35807
1.36503
1.36683
1.3639
1.35829
1.364
1.36061
1.34859
1.34806
1.34621
1.34978
1.34527
1.34263
1.33973
1.33965
1.34181
1.34077
1.34239
1.34084
1.34192
1.34004
1.33941
1.33969
1.3397
1.34482
1.34131
1.35388
1.36491
1.37512
1.37606
1.3785
1.36234
1.3578
1.35273
1.34679
1.34
1.3414
1.34851
1.35831
1.36294
1.35393
1.35429
1.35113
1.34488
1.3537
1.35815
1.35948
1.36729
1.3606
1.37378
1.37316
1.36885
1.37723
1.38856
1.39304
1.38572
1.39808
1.40061
1.39698
1.38716
1.38066
1.37318
1.37055
1.37231
1.35187
1.35564
1.34823
1.35314
1.36008
1.3597
1.34955
1.34962
1.34362
1.34246
1.34409
1.33897
1.33822
1.33603
1.33264
1.33138
1.33199
1.33275
1.33198
1.33071
1.33
1.33027
1.32897
1.32985
1.33031
1.33017
1.32995
1.33049
1.33007
1.33024
1.32997
1.32988
1.32967
1.32995
1.33008
1.33018
1.33027
1.33053
1.33053
1.33087
1.33076
1.3314
1.33138
1.33164
1.33179
1.33178
1.33174
1.33195
1.33014
1.3221
1.32163
1.32511
1.32911
1.33145
1.33837
1.35357
1.36107
1.36073
1.36483
1.36092
1.36158
1.35882
1.36702
1.36913
1.38513
1.38782
1.38034
1.37193
1.38155
1.37906
1.39432
1.38357
1.39388
1.37479
1.36447
1.37322
1.3715
1.36767
1.3671
1.35626
1.38768
1.38374
1.36533
1.36345
1.35997
1.34664
1.33006
1.33126
1.33306
1.34659
1.36253
1.38012
1.3814
1.38503
1.38095
1.39063
1.39226
1.39959
1.40564
1.40711
1.40854
1.40129
1.4061
1.4131
1.41523
1.40581
1.40943
1.4225
1.42408
1.43185
1.44677
1.45131
1.44526
1.44004
1.44475
1.43459
1.43586
1.43327
1.43487
1.43393
1.42898
1.42263
1.41798
1.40947
1.40865
1.40218
1.41349
1.41559
1.42675
1.45355
1.46532
1.47533
1.4709
1.47061
1.48133
1.49848
