1.25712
1.2497
1.24744
1.24216
1.24258
1.24214
1.24386
1.24679
1.24738
1.24416
1.24688
1.24453
1.24828
1.24555
1.2518
1.25066
1.25478
1.2602
1.26231
1.26682
1.25754
1.25369
1.24602
1.24907
1.24977
1.25121
1.25748
1.25906
1.25795
1.26427
1.26423
1.27154
1.26313
1.26279
1.24921
1.24957
1.25159
1.25876
1.25756
1.26531
1.25739
1.25742
1.25698
1.2576
1.25487
1.25349
1.25419
1.24217
1.25275
1.24968
1.25245
1.25103
1.24618
1.24905
1.24682
1.2448
1.24083
1.24274
1.23913
1.24031
1.24234
1.24303
1.24661
1.24979
1.25291
1.25485
1.24888
1.25387
1.25792
1.26469
1.27094
1.27534
1.26997
1.2781
1.28496
1.29034
1.29818
1.29799
1.29788
1.3044
1.30514
1.30445
1.32632
1.31679
1.32368
1.32792
1.31989
1.31278
1.31799
1.31517
1.31226
1.31267
1.31834
1.31399
1.30408
1.30379
1.30234
1.30753
1.29757
1.29713
1.2953
1.29543
1.29496
1.29271
1.29339
1.29364
1.29453
1.294
1.29368
1.29364
1.29482
1.29614
1.29629
1.2939
1.29297
1.29314
1.29338
1.29311
1.29338
1.29354
1.29373
1.2938
1.29388
1.29404
1.29414
1.29431
1.2945
1.29468
1.29478
1.29494
1.29507
1.29522
1.29538
1.29352
1.29622
1.2978
1.30165
1.30219
1.30922
1.31436
1.31577
1.32142
1.32075
1.3275
1.32731
1.33044
1.31994
1.31738
1.30724
1.31365
1.30689
1.31071
1.30823
1.31616
1.31675
1.30868
1.31174
1.32709
1.33023
1.33358
1.33605
1.34191
1.33751
1.34501
1.34223
1.34084
1.34838
1.35483
1.36655
1.36263
1.36287
1.36513
1.36299
1.34659
1.32959
1.34193
1.33539
1.34084
1.33415
1.32482
1.32901
1.33345
1.33587
1.3373
1.33542
1.34293
1.35389
1.34696
1.34404
1.34533
1.34292
1.34276
1.33445
1.33893
1.34397
1.34961
1.35175
1.35316
1.34889
1.3547
1.36333
1.34779
1.34957
1.36279
1.36918
1.37165
1.39397
1.39951
1.39493
1.38187
1.38025
1.38061
1.37433
1.37998
1.3838
1.38787
1.40399
1.40755
1.40161
1.39644
1.40439
1.399
1.3974
1.39705
1.38996
1.38687
1.38499
1.38765
1.38597
1.38746
1.38838
1.39117
1.38738
1.38807
1.38761
1.38987
1.39095
1.38644
1.3901
1.38685
1.38715
1.38713
1.38422
1.3833
1.38389
1.38465
1.38562
1.38923
1.3917
1.39639
1.3926
1.38923
1.3861
1.38799
1.39044
1.39237
1.3945
1.39364
1.38913
1.38393
1.3852
1.38888
1.39292
1.38954
1.37952
1.37088
1.36644
1.36175
1.36119
1.35998
1.36201
1.36383
1.36585
1.36236
1.36307
1.36451
1.3602
1.35857
1.35568
1.35628
1.35599
1.35742
1.35619
1.35627
1.35658
1.35742
1.35796
1.35874
1.35942
1.36118
1.36437
1.36713
1.36924
1.3772
1.37531
1.37125
1.36987
1.37214
1.3692
1.36072
1.35973
1.36188
1.36019
1.36079
1.35988
1.35813
1.35826
1.35841
1.35858
1.35676
1.36231
1.35574
1.35562
1.35145
1.34815
1.34853
1.35208
1.35486
1.35111
1.35555
1.3568
1.35797
1.36064
1.36147
1.36667
1.36301
1.36433
1.36432
1.35858
1.35989
1.36675
1.36877
1.3659
1.36046
1.36645
1.36336
1.34936
1.3496
1.3478
1.35118
1.34717
1.34419
1.34032
1.34054
1.34232
1.34135
1.34294
1.34132
1.34277
1.34106
1.33948
1.33961
1.33977
1.34481
1.34159
1.3531
1.36402
1.37409
1.37481
1.37731
1.3608
1.35646
1.3511
1.34581
1.33876
1.34027
1.34738
1.3569
1.36169
1.35247
1.35325
1.35044
1.34428
1.35291
1.35721
1.3587
1.3668
1.36013
1.37286
1.37276
1.36806
1.37687
1.38804
1.39264
1.38515
1.39732
1.40027
1.39675
1.38659
1.38035
1.37282
1.3702
1.37197
1.35141
1.35523
1.34754
1.35246
1.35966
1.3594
1.34859
1.34898
1.34269
1.34149
1.34363
1.33816
1.33772
1.33556
1.33166
1.33033
1.33127
1.33215
1.33171
1.33043
1.3299
1.33015
1.32863
1.32931
1.32968
1.33005
1.32973
1.33033
1.33006
1.33017
1.33031
1.32991
1.33002
1.33013
1.33032
1.33037
1.33059
1.33075
1.33083
1.33104
1.33123
1.33153
1.33154
1.33188
1.33212
1.33253
1.3322
1.33235
1.33054
1.32241
1.32213
1.32563
1.32965
1.33213
1.33905
1.35287
1.36032
1.36023
1.36448
1.36091
1.36171
1.35906
1.36733
1.36945
1.38502
1.38789
1.38052
1.37236
1.38183
1.37962
1.39467
1.3841
1.39418
1.37469
1.36458
1.37325
1.37181
1.36791
1.36743
1.35673
1.38659
1.38276
1.36429
1.36268
1.35916
1.3457
1.32856
1.3302
1.33253
1.34558
1.3612
1.37896
1.38047
1.38427
1.38016
1.38929
1.39135
1.39866
1.40454
1.40629
1.40811
1.40091
1.40566
1.41263
1.41504
1.40557
1.40964
1.42209
1.42395
1.43186
1.44655
1.45123
1.44513
1.43979
1.44464
1.43446
1.43587
1.43337
1.43516
1.43415
1.42934
1.42316
1.41851
1.41008
1.40952
1.40322
1.41429
1.41646
1.42749
1.45433
1.46602
1.47608
1.47165
1.4713
1.48208
1.49922
