102.26
101.908
102.196
101.882
101.903
102.096
102.229
102.272
102.382
102.521
102.282
102.307
102.39
102.467
102.448
102.335
102.384
102.145
102.063
101.943
101.609
101.576
101.392
101.636
101.579
101.455
101.46
101.438
101.677
101.88
101.641
101.554
101.654
101.168
101.21
101.767
101.971
101.971
102.086
102.268
101.99
102.184
102.471
102.459
102.296
102.312
102.308
102.229
102.225
102.012
101.939
101.694
101.516
101.581
101.602
101.689
101.723
102.076
102.07
101.943
102.024
101.915
101.8
101.668
101.576
101.839
102.132
102.362
102.407
102.602
102.747
103.173
103.012
103.088
103.329
103.622
103.223
102.986
103.153
102.78
103.078
103.115
102.67
102.58
102.476
102.218
102.156
102.015
102.125
102.266
102.642
102.578
102.73
102.817
102.892
102.526
102.775
102.705
102.862
102.837
102.717
102.691
102.624
102.717
102.664
102.295
102.55
102.507
102.57
102.568
102.922
103.022
102.947
103.172
103.004
102.99
102.841
102.568
102.694
102.399
102.421
102.539
102.559
102.541
102.545
102.364
102.286
102.265
102.24
102.425
102.38
102.308
102.552
102.709
102.687
102.58
102.838
103.183
102.976
102.999
103.153
103.24
103.727
104.013
104.163
104.301
104.292
104.347
103.928
103.451
103.263
103.272
103.325
103.161
103.435
103.17
102.952
103.048
102.947
102.811
102.815
102.836
102.847
102.708
102.781
102.439
102.484
102.364
102.806
103.202
102.944
102.819
102.646
102.528
102.592
102.871
102.892
102.888
102.825
103.069
103.263
103.334
103.24
103.011
102.89
102.874
102.947
102.514
102.567
102.443
102.459
102.386
102.714
102.759
102.81
102.702
102.519
102.655
102.616
102.84
102.452
102.523
102.694
102.326
102.166
102.484
102.491
102.924
102.877
102.961
103.175
102.899
102.856
102.783
102.878
103.004
102.918
102.494
102.391
102.267
102.189
102.139
102.125
101.883
101.963
101.905
101.663
101.601
101.462
101.542
101.544
101.593
101.701
101.456
101.277
101.206
100.965
101.139
101.068
101.099
100.707
100.548
100.527
100.565
100.469
100.408
100.028
100.024
99.8721
99.9082
99.848
99.8912
99.8396
99.8784
99.88
99.889
99.9753
99.9176
99.9367
99.8996
99.888
99.8023
99.6717
99.7539
99.6602
99.6098
99.5343
99.5827
99.6364
99.7098
99.7591
99.8243
99.8715
99.9462
100.121
100.023
100.037
100.014
99.9821
100.068
100.1
100.19
100.171
100.114
99.9988
100.117
100.112
100.128
100.327
100.448
100.352
100.381
100.327
100.495
100.54
100.562
100.447
100.45
100.421
100.41
100.508
100.619
100.896
100.957
101.089
101.168
100.983
100.818
100.962
101.129
100.982
100.877
100.897
100.527
100.652
100.756
100.902
100.731
100.666
100.611
100.495
100.386
100.211
100.241
100.257
100.341
100.387
100.444
100.196
100.35
100.399
100.544
100.713
100.555
100.515
100.218
100.319
100.229
100.104
100.199
100.121
100.077
99.8571
100.024
100.059
100.074
100.118
100.062
100.107
100.071
99.935
99.9545
99.7541
99.8165
99.8124
99.74
99.7791
99.794
99.707
99.7314
99.5845
99.6606
99.4305
99.3213
99.2519
99.4042
99.3188
99.2965
99.3268
99.222
99.3404
99.2954
99.308
99.352
99.2956
99.5404
99.7292
99.8509
100.055
100.077
99.9528
100.07
99.9164
99.9655
100.011
99.9177
99.8737
99.9689
99.9192
99.8966
99.8178
99.7633
99.7348
99.6753
99.6044
99.5689
99.501
99.4434
99.3969
99.4521
99.4256
99.3889
99.3758
99.3536
99.288
99.2646
99.3349
99.373
99.3666
99.3875
99.4505
99.4658
99.6169
99.5384
99.4496
99.5256
99.5441
99.5379
99.5931
99.5531
99.5935
99.6069
99.717
99.7141
99.8031
99.9555
99.9333
99.9122
100.046
100.15
100.107
100.094
100.071
100.167
100.216
100.139
100.229
100.363
100.383
100.441
100.337
100.306
100.165
100.041
99.9412
99.9073
100.027
99.8955
99.9103
99.724
99.6351
99.6944
99.5255
99.6625
99.5371
99.5048
99.5019
99.3744
99.2962
99.3895
99.4
99.3619
99.3374
99.3671
99.3767
99.2495
99.1982
99.1658
99.1295
99.0537
99.0683
99.0208
98.9851
98.8783
98.8732
98.8832
98.8756
98.9396
98.8629
98.8985
98.9144
98.9984
98.968
99.0054
99.0417
99.0602
99.0561
99.0651
98.9953
98.9891
98.9833
98.9339
99.0081
99.0264
99.093
99.0349
99.1046
99.0979
99.1375
99.1699
99.1811
99.2273
99.1391
99.1916
99.1949
99.1979
99.1589
99.2307
99.2168
99.2154
99.3164
99.3142
99.3321
99.3801
99.4687
99.4802
99.4178
99.4007
99.3116
99.357
99.3247
99.3817
99.2915
99.2283
99.2204
99.2484
99.2066
99.1741
99.2223
99.2335
99.1893
99.2129
99.1566
99.063
99.1116
99.1039
99.0883
99.0992
99.1105
99.0775
99.1311
99.0359
99.0798
99.0798
99.0557
99.0838
99.0951
99.0659
99.1286
99.1024
99.1449
99.1118
99.1617
99.215
99.1715
99.1774
99.1446
99.1902
99.174
99.0663
99.0767
99.1767
99.1471
99.1784
99.2337
99.2513
99.2894
99.2594
99.2668
99.2909
99.2728
99.2931
99.279
99.2889
99.2732
99.3493
99.2642
99.3
99.3529
99.2976
99.2526
99.2338
99.2796
99.2829
99.2773
99.164
99.1165
99.2423
99.2473
99.2852
99.2497
99.2523
99.273
99.1855
99.2274
99.1511
99.2049
99.1541
99.1245
99.1344
99.1716
99.2127
99.1734
99.1245
99.1826
99.2293
99.221
99.1975
99.2315
99.2394
99.2612
99.2086
99.1257
99.1591
99.132
99.1452
99.2585
99.3416
99.3344
99.3634
99.3449
99.3419
99.3105
99.3661
99.4426
99.4485
99.4627
99.4502
99.4458
99.5071
99.4719
99.4094
99.3926
99.3636
99.4629
99.4884
99.4674
99.5391
99.5412
99.5443
99.5555
99.6217
99.654
99.7002
99.764
99.7209
99.8267
99.8831
99.8471
99.7557
99.8448
99.87
99.8547
99.9562
99.8443
99.9273
99.9013
100.012
99.9103
99.8144
99.7897
99.702
99.7848
99.8718
99.9041
99.9353
99.9212
99.9554
99.9594
99.9064
99.9084
99.7703
99.7252
99.732
99.7135
99.7276
99.7654
99.7888
99.7661
99.6902
99.7547
99.6246
99.5742
99.5982
99.6424
99.6955
99.7583
99.642
99.7768
99.8372
99.8701
99.8158
99.933
99.9717
100.032
99.9587
99.8829
99.8474
99.8352
99.8817
99.8985
99.9362
99.8964
99.8986
99.7981
99.7573
99.7768
99.7426
99.6222
99.567
99.5945
99.5756
99.5405
99.4938
99.4984
99.533
99.5169
99.5969
99.5635
99.5702
99.563
99.5794
99.6173
99.5741
99.5233
99.4597
99.5288
99.5328
99.5868
99.6109
99.6261
99.6254
99.607
99.6441
99.6418
99.5637
99.5214
99.4672
99.5129
99.5526
99.6013
99.5503
99.4454
99.4412
99.4125
99.3212
99.2147
99.2822
99.3327
99.3081
99.2465
99.3153
99.2781
99.2494
99.2143
99.1748
99.188
99.2073
99.2179
99.2241
99.2087
99.1342
99.0862
99.063
99.0871
99.1628
99.1546
99.118
99.1119
99.1237
99.0553
99.0137
98.9904
98.9863
98.9799
98.9544
98.9281
98.9275
98.8965
98.9083
98.9159
98.9259
98.9214
98.9442
98.9531
98.959
98.9455
98.9516
98.9508
98.9187
98.8971
98.9131
98.9143
98.8954
98.8799
98.901
98.8862
98.8864
98.8962
98.8795
98.8845
98.9067
98.9045
98.911
98.9261
98.9485
98.9564
98.9227
98.9285
98.9225
98.9218
98.9181
98.934
98.9564
98.9641
98.9644
98.996
98.9477
98.949
98.9271
98.9283
98.9361
98.9361
98.9556
98.9505
98.972
98.9604
98.9392
98.9398
98.9248
98.8966
98.9125
98.9227
98.9203
98.9252
98.9281
98.9083
98.9035
98.9028
98.9167
98.9179
98.9058
98.8852
98.8673
98.8669
98.8632
98.8482
98.8353
98.832
98.8244
98.8133
98.8146
98.8212
98.8218
98.8343
98.836
98.8383
98.8505
98.8441
98.8422
98.8435
98.8471
98.8367
98.8413
98.8319
98.8308
98.8407
98.8446
98.8509
98.8555
98.8477
98.8594
98.868
98.8692
98.8514
98.8364
98.8358
98.8458
98.8488
98.855
98.8631
98.8637
98.8627
98.8731
98.8836
98.8932
98.8966
98.8841
98.8801
98.8857
98.8919
98.8912
98.8989
98.9173
98.9225
98.9267
98.9331
98.9193
98.9214
98.9168
98.9115
98.9028
98.8916
98.8904
98.884
98.892
98.8997
98.8955
98.9031
98.9149
98.9035
98.8946
98.891
98.9076
98.9192
98.9299
98.9426
98.9358
98.9407
98.9362
98.9441
98.9222
98.9222
98.9142
98.9166
98.9207
98.9138
98.9047
98.9113
98.9122
98.92
98.9121
98.9251
98.9286
98.9333
98.9421
98.9384
98.9479
98.9583
98.9696
98.9623
98.9732
98.9661
98.9772
98.9634
98.9637
98.9801
98.9768
98.9759
98.9673
98.9665
98.9616
98.9595
98.9687
98.975
98.9753
98.9769
98.9896
98.9837
98.9759
98.9802
98.9865
98.9837
98.9891
98.9861
98.99
98.9915
99.0028
99.0131
99.02
99.0056
98.9952
99.0013
99.0202
99.0201
99.0168
99.0298
99.043
99.0519
99.0427
99.0465
99.0513
99.059
99.0603
99.055
99.0335
99.0306
99.0139
99.0168
99.0121
99.0171
99.0136
99.0073
99.0031
99.0039
99.0031
99.0081
99.0229
99.0214
99.0235
99.0223
99.0216
99.0256
99.0225
99.0264
99.0305
99.0276
99.0214
99.0275
99.0297
99.0218
99.0207
99.0294
99.0263
99.0309
99.0285
99.029
99.0373
99.0379
99.0333
99.034
99.041
99.0339
99.0318
99.0255
99.0218
99.0243
99.0272
99.0298
99.0313
99.0315
99.0263
99.0249
99.0283
99.0268
99.0305
99.0368
99.0388
99.0356
99.0389
99.0347
99.0394
99.0412
99.0351
99.038
99.0415
99.0443
99.045
99.0436
99.0445
99.0432
99.0465
99.0477
99.0491
99.0441
99.0437
99.0407
99.0419
99.0475
99.05
99.0517
99.0536
99.055
99.0582
99.0666
99.0687
99.0672
99.0662
99.068
99.0663
99.0694
99.0704
99.0716
99.0749
99.073
99.0723
99.0704
99.0734
99.0794
99.079
99.0786
99.0821
99.0826
99.0809
99.0808
99.0802
99.0802
99.0815
99.083
99.0857
99.0858
99.0863
99.0902
99.0917
99.0938
99.0966
99.0972
99.1002
99.1018
99.1037
99.1032
99.1059
99.108
99.1079
99.1102
99.1137
99.1151
99.1179
99.1198
99.1218
99.1233
99.1248
99.1283
99.129
99.1321
99.136
99.1381
99.1392
99.1397
99.1414
99.1444
99.1465
99.1514
99.1497
99.1495
99.1514
99.1533
99.1548
99.156
99.1566
99.161
99.1628
99.1642
99.1659
99.1675
99.1672
99.1685
99.1685
99.1704
99.1725
99.1744
99.1759
99.178
99.1828
99.1837
99.1905
99.1919
99.1954
99.2013
99.2047
99.21
99.2087
99.2131
99.22
99.2209
99.2206
99.2235
99.2254
99.221
99.2212
99.2243
99.2257
99.228
99.2231
99.2235
99.2285
99.2323
99.2358
99.2451
99.248
99.2471
99.2446
99.24
99.2373
99.2403
99.2392
99.2408
99.2382
99.2414
99.2419
99.246
99.2484
99.2529
99.2582
99.2605
99.2546
99.2598
99.2612
99.2667
99.2722
99.2776
99.2758
99.2853
99.2832
99.2825
99.2734
99.2752
99.2765
99.2829
99.2872
99.2871
99.2893
99.2912
99.2843
99.2861
99.2926
99.2953
99.2961
99.2934
99.2868
99.2846
99.285
99.2871
99.2909
99.2946
99.2973
99.3011
99.3018
99.3089
99.3088
99.3091
99.3092
99.3124
99.3124
99.3114
99.3145
99.3181
99.3225
99.3205
99.326
99.3261
99.3315
99.3376
99.34
99.3416
99.3406
99.3391
99.346
99.353
99.363
99.3609
99.3568
99.3532
99.3523
99.3563
99.3587
99.3623
99.3695
99.371
99.3816
99.3883
99.3951
99.3921
99.3911
99.385
99.3907
99.3867
99.3835
99.3879
99.388
99.3926
99.3959
99.3967
99.411
99.4079
99.4188
99.4186
99.4264
99.4195
99.4358
99.447
99.4324
99.448
99.4652
99.4528
99.4476
99.4564
99.4626
99.4703
99.4722
99.4793
99.4831
99.4842
99.4761
99.4889
99.4942
99.4887
99.4932
99.49
99.4954
99.4853
99.4791
99.4735
99.4888
99.4974
99.5121
99.535
99.5405
99.5521
99.5492
99.5467
99.5428
99.5406
99.5539
99.5579
99.5524
99.534
99.5394
99.5427
99.5307
99.5237
99.5399
99.5478
99.5454
99.5574
99.5592
99.5702
99.57
99.5705
99.5838
99.5647
99.554
99.5564
99.5582
99.5539
99.5383
99.5498
99.544
99.5483
99.544
99.5409
99.5492
99.5561
99.5453
99.5447
99.5533
99.5418
99.5455
99.547
99.5387
99.5553
99.5532
99.5546
99.5665
99.5657
99.5679
99.5805
99.5975
99.5978
99.6027
99.6325
99.6426
99.6364
99.6207
99.6073
99.6063
99.6165
99.6341
99.6444
99.6435
99.6467
99.6637
99.6809
99.6698
99.6817
99.6685
99.6835
99.6845
99.6677
99.657
99.6357
99.647
99.6551
99.669
99.6394
99.6492
99.6565
99.6775
99.6639
99.6518
99.642
99.6255
99.6458
99.6434
99.6535
99.658
99.6675
99.6743
99.6579
99.6846
99.6955
99.7113
99.7145
99.7367
99.7398
99.7405
99.7558
99.7539
99.7206
99.723
99.7355
99.7552
99.7733
99.7606
99.7522
99.742
99.7442
99.7362
99.7177
99.7028
99.6945
99.6951
99.7039
99.701
99.7249
99.7498
99.7375
99.739
99.7527
99.7453
99.7341
99.7288
99.7249
99.7099
99.7031
99.7074
99.7049
99.7016
99.6968
99.6979
99.7032
99.7006
99.6978
99.7037
99.7045
99.7061
99.6975
99.6971
99.7027
99.6979
99.6894
99.6862
99.6986
99.6978
99.6925
99.6975
99.689
99.6923
99.7003
99.7014
99.7016
99.7047
99.7074
99.7097
99.7173
99.7106
99.7088
99.7
99.6985
99.7026
99.7036
99.7002
99.7009
99.6999
99.6998
99.7021
99.7051
99.7038
99.7006
99.7073
99.7081
99.7038
99.7008
99.7013
99.7096
99.7133
99.7135
99.7193
99.7202
99.7211
99.7294
99.7348
99.7336
99.7351
99.7389
99.7359
99.7366
99.7393
99.7426
99.7478
99.7448
99.7448
99.7531
99.7524
99.7535
99.762
99.7672
99.7701
99.768
99.7637
99.7661
99.7671
99.7674
99.7758
99.7739
99.7713
99.7736
99.7756
99.7734
99.7712
99.7818
99.7784
99.7782
99.7745
99.7761
99.7798
99.7859
99.7868
99.7891
99.8
99.8065
99.8061
99.8065
99.8041
99.8109
99.8118
99.8141
99.8218
99.8248
99.8245
99.8184
99.8076
99.8112
99.808
99.8033
99.798
99.7966
99.7945
99.7987
99.7986
99.8048
99.8068
99.8076
99.8154
99.8175
99.8147
99.8104
99.809
99.8121
99.81
99.8129
99.8131
99.8132
99.8159
99.8184
99.8201
99.8255
99.8268
99.8261
99.8339
99.8351
99.8367
99.8365
99.8414
99.8455
99.8448
99.8491
99.8531
99.857
99.8593
99.8618
99.8569
99.8589
99.8581
99.8587
99.8539
99.8562
99.852
99.853
99.8568
99.8567
99.8611
99.8642
99.8685
99.8724
99.8729
99.8769
99.8755
99.8789
99.8825
99.883
99.8792
99.8847
99.88
99.8841
99.8876
99.8857
99.8892
99.8865
99.8834
99.8807
99.8834
99.8841
99.8862
99.8899
99.889
99.889
99.8909
99.8908
99.8923
99.8934
99.8947
99.897
99.8991
99.9013
99.905
99.9079
99.9069
99.9075
99.91
99.9125
99.913
99.9153
99.9164
99.9163
99.9174
99.9191
99.9192
99.9207
99.9222
99.9253
99.9268
99.9269
99.9273
99.9289
99.9312
99.9331
99.9351
99.9368
99.9357
99.9378
99.9395
99.9409
99.9433
99.9445
99.9468
99.9509
99.9501
99.9512
99.9537
99.957
99.9592
99.9601
99.9622
99.9639
99.9664
99.9693
99.9686
99.9697
99.9719
99.9721
99.9709
99.9709
99.9718
99.9726
99.9743
99.9768
99.9779
99.9801
99.983
99.9858
99.9898
99.9924
99.9922
99.9923
99.9946
99.9977
100.001
100.005
100.009
100.006
100.006
100.008
100.009
100.011
100.011
100.012
100.012
100.015
100.016
100.016
100.018
100.017
100.018
100.02
100.02
100.021
100.023
100.025
100.027
100.029
100.031
100.033
100.035
100.035
100.036
100.037
100.038
100.04
100.04
100.043
100.043
100.045
100.047
100.049
100.049
100.049
100.05
100.052
100.054
100.055
100.056
100.057
100.059
100.061
100.063
100.064
100.066
100.067
100.068
100.07
100.071
100.073
100.074
100.076
100.077
100.078
100.08
100.082
100.084
100.085
100.087
100.089
100.09
100.091
100.093
100.094
100.096
100.098
100.099
100.101
100.102
100.103
100.105
100.106
100.108
100.109
100.111
100.113
100.114
100.116
100.117
100.119
100.121
100.122
100.124
100.125
100.127
100.129
100.13
100.132
100.133
100.135
100.136
100.137
100.139
100.14
100.141
100.144
100.145
100.147
100.148
100.151
100.154
100.155
100.156
100.157
100.158
100.16
100.161
100.162
100.164
100.165
100.167
100.17
100.172
100.173
100.174
100.175
100.177
100.178
100.179
100.18
100.182
100.184
100.185
100.186
100.187
100.189
100.19
100.191
100.192
100.194
100.195
100.196
100.197
100.199
100.2
100.202
100.204
100.205
100.207
100.208
100.21
100.212
100.213
100.215
100.217
100.219
100.219
100.221
100.222
100.224
100.226
100.227
100.228
100.23
100.232
100.233
100.235
100.236
100.238
100.239
100.24
100.242
100.244
100.245
100.246
100.248
100.25
100.251
100.252
100.254
100.255
100.257
100.258
100.26
100.262
100.263
100.265
100.266
100.268
100.269
100.271
100.273
100.274
100.275
100.277
100.278
100.279
100.281
100.282
100.284
100.285
100.287
100.289
100.29
100.292
100.293
100.294
100.296
100.298
100.299
100.301
100.302
100.304
100.305
100.307
100.308
100.31
100.311
100.313
100.314
100.316
100.317
100.319
100.32
100.322
100.323
100.325
100.326
100.328
100.329
100.331
100.332
100.334
100.335
100.337
100.338
100.34
100.341
100.343
100.344
100.346
100.347
100.349
100.351
100.352
100.354
100.355
100.357
100.358
100.36
100.361
100.363
100.364
100.366
100.367
100.369
100.371
100.372
100.374
100.375
100.377
100.378
100.38
100.382
100.383
100.385
100.386
100.388
100.389
100.391
100.393
100.394
100.395
100.397
100.398
100.4
100.402
100.403
100.405
100.407
100.409
100.41
100.412
100.414
100.417
100.417
100.42
100.421
100.423
100.426
100.426
100.428
100.43
100.433
100.435
100.436
100.436
100.437
100.438
100.439
100.44
100.441
100.442
100.443
100.444
100.446
100.448
100.45
100.452
100.454
100.454
100.456
100.459
100.46
100.462
100.463
100.464
100.465
100.467
100.47
100.472
100.473
100.473
100.474
100.475
100.477
100.478
100.48
100.481
100.483
100.484
100.486
100.488
100.489
100.49
100.491
100.493
100.494
100.496
100.497
100.499
100.5
100.502
100.503
100.504
100.506
100.507
100.509
100.51
100.512
100.513
100.515
100.517
100.518
100.52
100.521
100.523
100.524
100.526
100.527
100.529
100.53
100.532
100.533
100.535
100.536
100.538
100.539
100.541
100.542
100.544
100.545
100.547
100.548
100.55
100.552
100.553
100.554
100.556
100.557
100.559
100.56
100.562
100.564
100.565
100.567
100.568
100.57
100.571
100.573
100.575
100.576
100.577
100.579
100.58
100.582
100.583
100.585
100.586
100.588
100.589
100.591
100.592
100.594
100.595
100.597
100.598
100.6
100.601
100.603
100.604
100.606
100.607
100.609
100.611
100.612
100.614
100.615
100.617
100.618
100.62
100.621
100.623
100.624
100.626
100.627
100.629
100.63
100.632
100.633
100.635
100.636
100.638
100.64
100.641
100.643
100.644
100.646
100.647
100.649
