102.26
101.937
102.239
101.907
101.933
102.139
102.227
102.279
102.411
102.534
102.3
102.333
102.426
102.458
102.466
102.342
102.385
102.172
102.054
101.939
101.573
101.592
101.414
101.674
101.568
101.444
101.447
101.419
101.678
101.887
101.621
101.547
101.661
101.156
101.206
101.762
101.972
101.971
102.082
102.24
101.983
102.2
102.477
102.465
102.303
102.271
102.305
102.212
102.21
102.01
101.937
101.683
101.533
101.578
101.583
101.687
101.708
102.026
102.072
101.924
101.95
101.877
101.755
101.643
101.529
101.768
102.071
102.309
102.364
102.572
102.697
103.11
102.996
103.056
103.271
103.584
103.187
102.92
103.106
102.731
103.027
103.056
102.638
102.522
102.46
102.15
102.12
101.975
102.081
102.169
102.61
102.522
102.662
102.766
102.837
102.465
102.741
102.639
102.759
102.77
102.596
102.625
102.539
102.642
102.571
102.219
102.461
102.394
102.465
102.44
102.827
102.957
102.829
103.083
102.926
102.903
102.767
102.456
102.575
102.275
102.314
102.42
102.417
102.408
102.384
102.222
102.157
102.118
102.078
102.281
102.242
102.176
102.392
102.519
102.501
102.416
102.693
103.031
102.802
102.852
102.997
103.095
103.551
103.845
104.005
104.16
104.129
104.177
103.757
103.269
103.071
103.079
103.152
102.958
103.258
102.996
102.762
102.853
102.744
102.612
102.611
102.637
102.647
102.479
102.58
102.245
102.296
102.174
102.614
103.015
102.731
102.634
102.451
102.299
102.365
102.643
102.663
102.687
102.609
102.844
103.06
103.136
103.008
102.792
102.67
102.635
102.689
102.3
102.329
102.238
102.214
102.163
102.474
102.53
102.583
102.447
102.27
102.444
102.363
102.564
102.199
102.255
102.442
102.08
101.917
102.246
102.227
102.692
102.615
102.713
102.955
102.647
102.62
102.545
102.626
102.75
102.644
102.238
102.106
102.013
101.908
101.864
101.861
101.613
101.684
101.612
101.375
101.335
101.187
101.27
101.231
101.309
101.417
101.163
100.988
100.945
100.661
100.836
100.782
100.809
100.404
100.296
100.255
100.279
100.168
100.114
99.7551
99.7522
99.592
99.6211
99.5743
99.6112
99.5499
99.5872
99.584
99.5763
99.6899
99.6161
99.6558
99.6057
99.5947
99.5034
99.3721
99.456
99.3478
99.3169
99.2368
99.2685
99.3227
99.4014
99.451
99.517
99.5732
99.6235
99.8042
99.7092
99.7151
99.6984
99.6452
99.7434
99.7792
99.8761
99.856
99.7649
99.6766
99.7728
99.7899
99.7907
99.9952
100.106
100.011
100.04
99.9619
100.146
100.192
100.228
100.108
100.112
100.064
100.061
100.151
100.284
100.564
100.6
100.755
100.799
100.662
100.454
100.606
100.77
100.639
100.541
100.551
100.189
100.314
100.408
100.546
100.394
100.327
100.242
100.145
100.044
99.8717
99.8963
99.9276
99.985
100.039
100.09
99.8486
100.005
100.044
100.215
100.372
100.194
100.158
99.877
99.9613
99.9066
99.7703
99.8665
99.7699
99.7255
99.5106
99.6765
99.7157
99.7315
99.7819
99.7138
99.7469
99.7075
99.5828
99.5933
99.403
99.4781
99.464
99.3873
99.4267
99.4243
99.3357
99.37
99.2216
99.3114
99.0746
98.9528
98.8964
99.0495
98.9706
98.9535
98.9838
98.8727
99.0008
98.933
98.9511
98.9984
98.9537
99.2002
99.4041
99.5026
99.7284
99.7388
99.6176
99.7396
99.5866
99.6298
99.6785
99.5628
99.5373
99.6452
99.585
99.56
99.4876
99.4318
99.4007
99.3328
99.2593
99.2224
99.1482
99.1011
99.061
99.101
99.0723
99.0415
99.0225
98.9969
98.9322
98.9013
98.9847
99.0186
98.9989
99.0265
99.0823
99.0966
99.2502
99.1802
99.076
99.1572
99.1669
99.1926
99.2323
99.1856
99.2137
99.2451
99.3567
99.3335
99.4259
99.582
99.5477
99.5226
99.6543
99.75
99.732
99.7111
99.6979
99.7912
99.8223
99.7572
99.8409
99.9926
100.004
100.04
99.9407
99.9132
99.774
99.6468
99.55
99.5286
99.6297
99.5105
99.5241
99.3187
99.2488
99.2942
99.1467
99.2717
99.1453
99.1145
99.1199
99.0037
98.9119
99.0034
99.0147
98.977
98.9501
98.9767
98.9856
98.8493
98.7937
98.7721
98.7457
98.6596
98.6654
98.6161
98.5986
98.4835
98.4765
98.491
98.4765
98.538
98.4684
98.5087
98.5055
98.6018
98.5687
98.6117
98.6401
98.6483
98.6563
98.6684
98.5934
98.5816
98.57
98.5296
98.6034
98.6245
98.6874
98.6254
98.6993
98.683
98.7316
98.7573
98.7805
98.83
98.7314
98.7848
98.7825
98.774
98.7426
98.8089
98.8022
98.7935
98.9073
98.9145
98.9113
98.9485
99.0491
99.0589
98.998
98.984
98.8896
98.9336
98.9156
98.9542
98.8689
98.8138
98.8026
98.8209
98.7903
98.7602
98.8031
98.7959
98.7638
98.7741
98.7272
98.6406
98.6823
98.6745
98.6628
98.665
98.6661
98.6333
98.7018
98.6008
98.6491
98.6475
98.6194
98.6441
98.6687
98.6285
98.6887
98.6623
98.7188
98.6628
98.7159
98.7701
98.7343
98.7369
98.6963
98.7429
98.7239
98.6265
98.6305
98.7353
98.7027
98.7278
98.7851
98.8146
98.8487
98.818
98.8266
98.8412
98.8239
98.845
98.8281
98.8375
98.816
98.898
98.8108
98.8523
98.8961
98.8451
98.7925
98.7767
98.8209
98.8239
98.8189
98.7108
98.6556
98.7971
98.7888
98.8338
98.7875
98.7945
98.8119
98.7349
98.7735
98.6897
98.7425
98.6982
98.6639
98.6795
98.7079
98.7486
98.7128
98.6686
98.7206
98.7669
98.7557
98.7277
98.7703
98.7753
98.7893
98.7489
98.6598
98.6958
98.6612
98.6808
98.8023
98.8754
98.8761
98.8964
98.8801
98.8682
98.8341
98.8998
98.9812
98.9799
98.9877
98.9832
98.9717
99.0446
98.9907
98.9381
98.9123
98.8913
98.9848
99.0135
98.9983
99.0675
99.0691
99.0749
99.0853
99.1387
99.1718
99.2152
99.2692
99.2422
99.3294
99.3932
99.364
99.2688
99.3543
99.3628
99.3647
99.4641
99.3488
99.4325
99.4084
99.5083
99.4124
99.334
99.2883
99.2043
99.2829
99.3656
99.4119
99.4441
99.422
99.4567
99.4674
99.4134
99.4015
99.2634
99.2152
99.2252
99.201
99.2281
99.2552
99.2678
99.2505
99.1618
99.2368
99.1233
99.0655
99.0824
99.126
99.1711
99.2504
99.1286
99.2601
99.3263
99.3638
99.305
99.4244
99.4574
99.5217
99.4515
99.3665
99.3416
99.3203
99.366
99.3647
99.4175
99.375
99.3812
99.2624
99.226
99.2455
99.2085
99.0896
99.0405
99.0615
99.0459
99.0267
98.9531
98.9623
98.9946
98.9761
99.0625
99.0272
99.0311
99.0191
99.0356
99.0754
99.0347
98.9771
98.9232
98.9911
98.99
99.0378
99.0684
99.0773
99.0712
99.0674
99.0979
99.0994
99.0161
98.9703
98.9152
98.9619
99.0014
99.056
98.9915
98.8924
98.8906
98.8592
98.7683
98.6682
98.735
98.7895
98.7673
98.7052
98.7705
98.728
98.7087
98.6658
98.6263
98.6426
98.6552
98.6656
98.6764
98.661
98.5845
98.5398
98.5128
98.5427
98.6231
98.6096
98.5731
98.5629
98.5879
98.5098
98.4687
98.445
98.4413
98.4397
98.4136
98.386
98.3817
98.3501
98.3638
98.3697
98.3821
98.3765
98.3978
98.4107
98.4106
98.3961
98.4042
98.4028
98.3687
98.3482
98.3636
98.3643
98.3456
98.3304
98.3515
98.3403
98.3367
98.3438
98.3314
98.3277
98.3572
98.3499
98.3558
98.3786
98.3985
98.4039
98.3741
98.3737
98.3698
98.3685
98.3678
98.3792
98.4063
98.4136
98.4054
98.4432
98.3945
98.396
98.3754
98.3746
98.3843
98.385
98.4073
98.3926
98.4204
98.4019
98.3844
98.3844
98.3676
98.3421
98.3565
98.3701
98.367
98.3705
98.3736
98.3523
98.3493
98.3448
98.361
98.3634
98.3465
98.3298
98.3102
98.3099
98.3068
98.2902
98.2792
98.2727
98.2703
98.2566
98.2558
98.2653
98.2641
98.2744
98.2761
98.2797
98.2922
98.2887
98.2838
98.2834
98.2887
98.2791
98.2829
98.2708
98.27
98.2836
98.2858
98.2917
98.2957
98.2877
98.2991
98.3103
98.3084
98.2916
98.278
98.2764
98.2861
98.2876
98.2971
98.304
98.3044
98.3034
98.3144
98.3231
98.3338
98.3372
98.3251
98.3207
98.3277
98.331
98.3319
98.3406
98.3565
98.3612
98.3649
98.3748
98.3582
98.3615
98.3545
98.347
98.3395
98.3308
98.3269
98.3227
98.3287
98.337
98.3367
98.3402
98.3521
98.3411
98.3324
98.3287
98.3482
98.3593
98.3692
98.3804
98.3718
98.3775
98.3751
98.3813
98.3624
98.3615
98.3531
98.3562
98.3602
98.3528
98.3439
98.3496
98.3525
98.3591
98.3525
98.3639
98.369
98.3733
98.3809
98.377
98.385
98.3979
98.4084
98.401
98.4119
98.4065
98.4151
98.4022
98.4014
98.4186
98.4163
98.4123
98.4082
98.4047
98.4001
98.3999
98.4055
98.4112
98.4145
98.4132
98.4251
98.4215
98.4125
98.419
98.4231
98.4206
98.4257
98.424
98.4255
98.4272
98.4384
98.4484
98.4552
98.4405
98.4305
98.4371
98.4574
98.4562
98.4557
98.4655
98.4828
98.4842
98.4802
98.4825
98.4868
98.4947
98.4965
98.4885
98.4698
98.4662
98.4493
98.4527
98.4486
98.4518
98.4489
98.4428
98.4398
98.4416
98.4409
98.4418
98.4571
98.4565
98.4609
98.4593
98.4566
98.4614
98.4576
98.4599
98.4647
98.4615
98.4541
98.4637
98.4637
98.4556
98.4543
98.4643
98.4597
98.4648
98.4642
98.4622
98.4708
98.472
98.4663
98.467
98.4755
98.4673
98.466
98.4597
98.4549
98.4579
98.4598
98.463
98.4646
98.4632
98.46
98.4582
98.4623
98.4598
98.4627
98.47
98.4717
98.4683
98.4716
98.4676
98.4725
98.473
98.4671
98.4709
98.4737
98.4764
98.4789
98.4759
98.4771
98.4757
98.4787
98.4793
98.4814
98.4764
98.4766
98.4738
98.4743
98.4799
98.4828
98.4854
98.4864
98.4874
98.4913
98.5008
98.5019
98.501
98.4996
98.5015
98.4998
98.5028
98.5039
98.5046
98.5073
98.5064
98.5057
98.5039
98.5063
98.5129
98.5123
98.5124
98.5152
98.5164
98.5143
98.5145
98.5137
98.5139
98.5153
98.5167
98.5189
98.5191
98.5206
98.5242
98.5254
98.5276
98.5302
98.5308
98.5343
98.5353
98.5375
98.5361
98.5395
98.5411
98.5409
98.5433
98.5469
98.5485
98.5504
98.5525
98.5557
98.5552
98.5577
98.5611
98.5622
98.5645
98.5682
98.5703
98.5713
98.571
98.5742
98.5774
98.5782
98.5833
98.5819
98.5802
98.583
98.5849
98.5871
98.5877
98.5885
98.5936
98.5944
98.5951
98.5973
98.5985
98.5991
98.5997
98.6003
98.6008
98.6035
98.6045
98.6059
98.6091
98.6142
98.6142
98.6217
98.6238
98.6257
98.6319
98.6357
98.6399
98.6386
98.6447
98.6514
98.6514
98.6508
98.652
98.6552
98.6514
98.6515
98.6553
98.6547
98.6583
98.6529
98.6527
98.6581
98.6624
98.666
98.6749
98.6772
98.676
98.6742
98.6692
98.6674
98.6698
98.6686
98.67
98.668
98.6704
98.6713
98.6749
98.6777
98.6812
98.6872
98.6896
98.6829
98.6896
98.69
98.6953
98.7037
98.7071
98.7039
98.7141
98.7128
98.7103
98.7041
98.705
98.7058
98.7119
98.7158
98.7164
98.719
98.7197
98.714
98.7153
98.7223
98.724
98.7244
98.7223
98.7172
98.7144
98.714
98.717
98.7203
98.7238
98.7267
98.7294
98.7308
98.7391
98.7373
98.7386
98.7383
98.7413
98.7406
98.7401
98.7423
98.7466
98.7503
98.7484
98.7534
98.7539
98.7597
98.7663
98.7682
98.7699
98.7686
98.7672
98.7732
98.7808
98.7905
98.7897
98.7851
98.7811
98.7811
98.7838
98.7863
98.7897
98.7977
98.798
98.8092
98.8164
98.8239
98.8204
98.8179
98.8124
98.818
98.8137
98.81
98.8166
98.8152
98.8193
98.8224
98.823
98.8372
98.8343
98.8467
98.8451
98.8528
98.8472
98.8637
98.875
98.8619
98.8756
98.895
98.8833
98.8772
98.8847
98.8933
98.8984
98.9019
98.9084
98.9124
98.9117
98.9056
98.9191
98.92
98.9152
98.9216
98.9156
98.9205
98.9118
98.9044
98.8983
98.9165
98.9248
98.9371
98.9613
98.9682
98.9772
98.9737
98.9738
98.9713
98.9673
98.978
98.9854
98.9751
98.9615
98.9634
98.9674
98.9569
98.9485
98.9656
98.9733
98.9703
98.9825
98.9838
98.9936
98.9927
98.9924
99.0061
98.9874
98.9775
98.9797
98.9818
98.9776
98.9629
98.9716
98.9666
98.9703
98.9681
98.9631
98.971
98.9765
98.9671
98.9678
98.9747
98.9641
98.9676
98.969
98.9597
98.9768
98.9743
98.9745
98.9871
98.9872
98.9886
99.001
99.0186
99.0186
99.0231
99.0575
99.0655
99.0571
99.0419
99.0296
99.0271
99.0367
99.0551
99.0652
99.0655
99.0678
99.085
99.1011
99.0908
99.1007
99.0878
99.1018
99.102
99.0843
99.0754
99.0549
99.0659
99.073
99.09
99.0603
99.07
99.076
99.0994
99.0849
99.072
99.0624
99.0475
99.0677
99.0667
99.0755
99.0804
99.0879
99.0947
99.0797
99.11
99.1165
99.133
99.1342
99.159
99.1596
99.1588
99.178
99.1744
99.1455
99.1442
99.1564
99.176
99.194
99.1796
99.1731
99.1626
99.1634
99.1554
99.1379
99.1213
99.1135
99.1139
99.1222
99.1192
99.1437
99.168
99.1571
99.158
99.1742
99.1614
99.1534
99.1491
99.1432
99.1279
99.123
99.1265
99.1222
99.1182
99.1127
99.1147
99.119
99.1164
99.1122
99.1198
99.1192
99.1213
99.1137
99.1123
99.1153
99.1131
99.1027
99.1001
99.1134
99.1116
99.1062
99.1119
99.1027
99.1062
99.1128
99.1146
99.1142
99.1157
99.1194
99.1211
99.1293
99.1227
99.1209
99.1115
99.1098
99.1143
99.1152
99.1117
99.1115
99.1113
99.1101
99.1119
99.115
99.1135
99.1107
99.1165
99.1178
99.1133
99.1119
99.112
99.1207
99.1238
99.1236
99.1298
99.1311
99.1322
99.14
99.1451
99.1432
99.1449
99.1493
99.1448
99.1447
99.1481
99.1502
99.1558
99.1536
99.1539
99.1625
99.16
99.1616
99.1695
99.1746
99.1779
99.1766
99.1716
99.1733
99.1747
99.1739
99.1835
99.1808
99.1777
99.1812
99.1825
99.1806
99.1778
99.1878
99.1837
99.184
99.181
99.1828
99.1857
99.1918
99.1928
99.1935
99.2061
99.2127
99.2128
99.2124
99.2089
99.2168
99.2172
99.2186
99.2274
99.2295
99.2294
99.2231
99.2116
99.2158
99.2131
99.2087
99.2035
99.2017
99.1996
99.2042
99.2034
99.2099
99.2119
99.2128
99.2209
99.223
99.2199
99.2156
99.2146
99.2182
99.2158
99.2185
99.2179
99.2181
99.221
99.2232
99.2255
99.2305
99.2324
99.2313
99.24
99.2413
99.2421
99.2416
99.2464
99.2508
99.2501
99.2537
99.2576
99.2617
99.2632
99.2653
99.2606
99.263
99.2622
99.2623
99.2579
99.2599
99.2559
99.2574
99.2607
99.2607
99.2652
99.2684
99.2723
99.2761
99.2765
99.2811
99.2792
99.2824
99.2856
99.2866
99.2831
99.288
99.2841
99.2878
99.2917
99.2898
99.2924
99.2906
99.2871
99.285
99.2875
99.2882
99.2902
99.2942
99.2932
99.2929
99.295
99.295
99.2957
99.297
99.2987
99.3007
99.3027
99.3048
99.3079
99.3117
99.3109
99.3112
99.3135
99.3158
99.3166
99.318
99.3197
99.3195
99.3201
99.322
99.3219
99.3232
99.3249
99.3281
99.3296
99.3296
99.3296
99.3312
99.3335
99.335
99.3372
99.3388
99.3378
99.3399
99.3416
99.3426
99.3455
99.3465
99.3484
99.3534
99.3523
99.3533
99.3555
99.3591
99.3614
99.3619
99.3641
99.3658
99.368
99.371
99.3702
99.3709
99.3735
99.3733
99.372
99.3723
99.3733
99.3742
99.3758
99.3781
99.3792
99.3817
99.3844
99.3871
99.3913
99.3935
99.3935
99.3935
99.3962
99.3989
99.4019
99.4064
99.4098
99.408
99.4073
99.4098
99.4102
99.4123
99.412
99.4128
99.413
99.4161
99.4167
99.4168
99.4191
99.4175
99.4189
99.421
99.4211
99.4221
99.4237
99.4259
99.4273
99.4298
99.4317
99.4335
99.435
99.4354
99.4362
99.4369
99.4391
99.4402
99.4406
99.4428
99.4434
99.4452
99.4471
99.4489
99.449
99.449
99.4502
99.4523
99.4541
99.4554
99.4566
99.4573
99.4591
99.4613
99.4639
99.4647
99.4665
99.4671
99.4683
99.4702
99.471
99.4729
99.4744
99.4766
99.4773
99.4786
99.4806
99.4825
99.4843
99.4854
99.4871
99.4891
99.4902
99.4914
99.4932
99.4944
99.4964
99.4981
99.4993
99.5006
99.5019
99.503
99.5051
99.5062
99.5084
99.5092
99.5108
99.5122
99.514
99.5157
99.5169
99.5184
99.52
99.5215
99.5233
99.5247
99.5261
99.5279
99.529
99.531
99.5325
99.5338
99.5347
99.5365
99.5381
99.5393
99.5406
99.5428
99.5438
99.5457
99.5476
99.5501
99.5528
99.5546
99.5551
99.5564
99.5574
99.5594
99.56
99.5609
99.5626
99.5643
99.5656
99.5692
99.5709
99.5723
99.5731
99.5743
99.5757
99.5767
99.578
99.5788
99.5809
99.5824
99.5834
99.5845
99.5861
99.5879
99.5886
99.5895
99.5909
99.5921
99.5937
99.5948
99.596
99.5973
99.5991
99.6008
99.6026
99.6037
99.6053
99.607
99.6088
99.6102
99.6119
99.6135
99.6157
99.617
99.6181
99.6198
99.6209
99.6227
99.6242
99.6257
99.6269
99.6283
99.6299
99.6319
99.6332
99.6345
99.6364
99.6373
99.6387
99.6401
99.642
99.6434
99.6446
99.6467
99.648
99.6493
99.6507
99.6521
99.6536
99.6551
99.6568
99.6581
99.6603
99.6617
99.6632
99.6645
99.666
99.6675
99.6691
99.6706
99.6721
99.6735
99.675
99.6762
99.6774
99.6789
99.6804
99.6818
99.6833
99.6848
99.6864
99.6878
99.6895
99.6908
99.6922
99.6938
99.6953
99.6968
99.6983
99.6999
99.7015
99.703
99.7044
99.7059
99.7074
99.7088
99.7103
99.712
99.7136
99.7151
99.7164
99.7181
99.7194
99.7208
99.7223
99.7238
99.7254
99.7269
99.7283
99.7299
99.7314
99.7328
99.7343
99.7358
99.7373
99.7388
99.7403
99.7418
99.7433
99.7449
99.7464
99.748
99.7495
99.7511
99.7526
99.7541
99.7555
99.757
99.7586
99.7602
99.7617
99.7632
99.7648
99.7664
99.7678
99.7693
99.7709
99.7725
99.7739
99.7755
99.7771
99.7788
99.7802
99.7816
99.7833
99.7848
99.7864
99.788
99.7895
99.7908
99.7924
99.7938
99.7952
99.7971
99.7989
99.8003
99.8022
99.8036
99.8054
99.8073
99.8094
99.8112
99.8133
99.8142
99.8163
99.8178
99.8199
99.8229
99.8227
99.8245
99.8267
99.8296
99.8315
99.8331
99.8326
99.8334
99.8348
99.8362
99.8366
99.8372
99.8384
99.8399
99.8411
99.8425
99.8442
99.8466
99.8488
99.8507
99.851
99.853
99.8554
99.8572
99.8584
99.8594
99.8607
99.8619
99.8634
99.8667
99.8692
99.8701
99.8702
99.8709
99.8722
99.8738
99.875
99.8766
99.8781
99.8792
99.8811
99.8825
99.8846
99.8856
99.8868
99.8877
99.8896
99.8909
99.8922
99.8937
99.8953
99.8969
99.8982
99.8994
99.9008
99.9024
99.9038
99.9053
99.9067
99.9083
99.9097
99.9113
99.9131
99.9148
99.9163
99.9178
99.9191
99.9205
99.9221
99.9236
99.925
99.9265
99.9279
99.9294
99.9309
99.9325
99.9341
99.9357
99.937
99.9384
99.94
99.9415
99.943
99.9445
99.9461
99.9477
99.9492
99.9506
99.952
99.9536
99.9552
99.9567
99.9582
99.9597
99.9612
99.9628
99.9645
99.9658
99.9675
99.969
99.9707
99.9721
99.9734
99.9749
99.9762
99.9777
99.9793
99.9807
99.9823
99.9838
99.9853
99.9868
99.9883
99.9898
99.9913
99.9929
99.9944
99.9959
99.9974
99.9989
100
100.002
100.003
100.005
100.006
100.008
100.01
100.011
100.013
100.014
100.016
100.017
100.019
100.02
100.022
100.023
100.025
100.026
100.028
100.029
100.031
100.032
100.034
100.035
100.037
100.038
100.04
100.041
100.043
100.044
