1
0.996405
0.989723
0.989832
0.965106
0.969573
0.956561
0.959484
0.968411
0.964644
0.949908
0.940115
0.953242
0.975182
0.963191
0.961345
0.971977
0.978966
0.983877
0.998237
1.01533
1.05069
1.05586
1.04947
1.04103
1.0576
1.05759
1.05495
1.05657
1.04446
1.03874
1.03397
1.04845
1.02735
1.015
1.02687
1.01455
1.02456
1.03025
1.03692
1.04282
1.04337
1.06231
1.04255
1.05744
1.05954
1.06801
1.06018
1.06224
1.05227
1.05196
1.0561
1.05294
1.05849
1.05374
1.06173
1.05435
1.04738
1.0329
1.02762
1.02091
1.04858
1.06161
1.06179
1.06206
1.07436
1.06752
1.06713
1.05792
1.04994
1.04594
1.04224
1.06919
1.05233
1.03137
1.01865
1.01968
1.03132
1.03818
1.03653
1.02787
1.03397
1.02433
1.04247
1.04803
1.0573
1.05724
1.04673
1.03211
1.02314
1.03619
1.01957
1.02167
1.02273
1.01023
1.01658
1.02157
1.03005
1.02352
1.0348
1.03448
1.02347
1.0213
1.02852
1.01482
1.0146
1.01376
1.02135
1.01714
1.00253
1.00735
1.01661
0.994265
1.0046
1.0032
1.00337
1.00318
1.02514
1.00737
1.00892
1.01096
1.03498
1.03186
1.03395
1.04847
1.0577
1.05028
1.06491
1.05368
1.05264
1.03723
1.02257
1.02042
1.01348
1.00663
1.01304
1.01127
0.985204
0.987244
0.979736
0.974758
0.984981
0.973573
0.989123
0.998072
0.992471
1.00643
1.00741
1.00676
1.01693
1.02028
1.0289
1.01767
1.01938
1.01452
1.00944
1.03148
1.02665
1.0255
1.02302
1.01076
1.00044
0.994398
1.00333
1.01316
1.01974
1.02705
1.02345
1.01016
1.00578
1.00941
0.993659
0.970217
0.94663
0.93682
0.927031
0.914681
0.92536
0.928204
0.92248
0.929066
0.921821
0.918735
0.908915
0.901038
0.899185
0.890392
0.886093
0.895601
0.901924
0.905695
0.930489
0.932443
0.92495
0.922292
0.910946
0.926946
0.937649
0.946725
0.954278
0.956419
0.947884
0.956649
0.951243
0.96631
0.975936
0.980905
0.979553
0.987464
0.974202
0.966084
0.972387
0.98559
0.98737
0.974855
0.973639
0.963093
0.969317
0.975962
0.977325
0.958742
0.957047
0.944045
0.934069
0.940106
0.94831
0.942069
0.946007
0.953963
0.929993
0.922964
0.916869
0.935762
0.932092
0.940163
0.942435
0.952282
0.954229
0.949276
0.952246
0.963354
0.952105
0.938781
0.936566
0.923308
0.919024
0.911112
0.906381
0.915866
0.912374
0.910165
0.89819
0.909656
0.904298
0.905006
0.904261
0.910578
0.912858
0.917777
0.937091
0.936423
0.945139
0.949205
0.946782
0.963978
0.962162
0.946419
0.940382
0.942089
0.939305
0.93714
0.924386
0.929192
0.928954
0.932153
0.935683
0.939629
0.942358
0.947369
0.952499
0.951771
0.949629
0.948842
0.953108
0.96249
0.961628
0.954776
0.953654
0.946154
0.946417
0.926513
0.914728
0.908301
0.891148
0.886532
0.87636
0.860886
0.858214
0.859684
0.859581
0.859149
0.858595
0.86424
0.862196
0.86816
0.853457
0.856316
0.855273
0.855044
0.858815
0.858903
0.86091
0.866643
0.867292
0.87164
0.892505
0.907893
0.905635
0.912575
0.908476
0.923139
0.935797
0.934714
0.945476
0.956888
0.960392
0.944003
0.948287
0.961925
0.968669
0.970747
0.969972
0.976386
0.997701
0.997666
1.0006
1.00706
1.00288
1.0037
1.00071
0.993515
0.998324
0.986472
0.992444
0.972225
0.976071
0.98519
1.00008
1.00416
1.00928
1.00297
1.01274
1.0091
1.01822
1.01558
1.02787
1.02315
1.02153
1.02471
1.01888
1.01603
1.00747
1.00346
1.01258
0.995227
0.984845
0.985493
0.990217
0.988316
0.972141
0.983974
0.969827
0.959751
0.965683
0.962231
0.97252
0.95102
0.967803
0.959053
0.987343
0.996878
1.00116
1.01271
0.998619
0.997524
1.003
1.01309
1.00794
0.98928
0.98588
0.99468
0.987916
0.983994
0.980689
0.959715
0.958803
0.9666
0.970105
0.971326
0.974123
0.973747
0.959972
0.95966
0.964123
0.959541
0.962176
0.965574
0.954408
0.958256
0.951991
0.970164
0.983113
0.991699
0.984574
0.969035
0.974131
0.982442
0.993369
0.98104
0.997248
0.989514
0.990702
1.0037
1.01943
1.02705
1.04784
1.05245
1.07096
1.07984
1.0592
1.05623
1.06412
1.0629
1.04879
1.03837
1.03809
1.03043
1.0426
1.03536
1.03916
1.04684
1.05175
1.05895
1.06098
1.0353
1.03273
1.01511
1.01121
1.01335
1.02121
1.01608
1.00552
1.00992
1.01669
1.00461
1.00399
1.00126
0.994891
0.979284
0.997302
0.99947
1.01573
1.00436
1.01068
0.991651
0.997106
1.00972
1.02007
1.02936
1.03529
1.02311
1.02247
1.02945
1.03724
1.02891
1.01585
1.03148
1.03081
1.03294
1.05178
1.0636
1.06027
1.07158
1.10047
1.09928
1.11811
1.12635
1.13112
1.12758
1.16385
1.16276
1.16519
1.17022
1.16003
1.15817
1.15733
1.15506
1.16453
1.14344
1.15549
1.18252
1.18226
1.18296
1.17136
1.18234
1.18963
1.19588
1.21137
1.19063
1.20079
1.19901
1.1934
1.19924
1.21158
1.21408
1.22034
1.20825
1.19664
1.19538
1.18837
1.2007
1.19453
1.18135
1.17061
1.16771
1.18931
1.20257
1.20466
1.18703
1.19344
1.2117
1.21755
1.22331
1.24481
1.27321
1.28942
1.2974
1.30439
1.31007
1.30355
1.28893
1.27578
1.25006
1.23223
1.23544
1.22884
1.22586
1.23878
1.25249
1.24098
1.24623
1.24778
1.23916
1.23535
1.241
1.2581
1.26331
1.26146
1.23976
1.23553
1.23383
1.24291
1.24127
1.23214
1.23355
1.24106
1.21705
1.21569
1.22275
1.2238
1.2137
1.22818
1.23289
1.2307
1.22196
1.20067
1.20218
1.20252
1.19276
1.21197
1.22079
1.24588
1.26049
1.26258
1.25689
1.28868
1.29779
1.28558
1.29163
1.29775
1.29452
1.27907
1.28689
1.28408
1.30248
1.30417
1.32296
1.33088
1.30206
1.28005
1.28732
1.30857
1.30815
1.30003
1.31865
1.30905
1.30959
1.33057
1.33839
1.35569
1.35787
1.35875
1.36494
1.37028
1.37489
1.38089
1.3918
1.4041
1.40152
1.38891
1.37192
1.37647
1.36093
1.35494
1.35937
1.37869
1.37295
1.36206
1.3632
1.3469
1.36635
1.37825
1.36036
1.3619
1.37485
1.39137
1.37922
1.37445
1.34817
1.3512
1.36036
1.35751
1.36867
1.3661
1.35229
1.37344
1.38565
1.39125
1.37053
1.38705
1.37961
1.3781
1.38546
1.37842
1.38128
1.38439
1.39165
1.37711
1.38641
1.36762
1.36192
1.34851
1.3523
1.3629
1.34985
1.35827
1.36447
1.35744
1.37147
1.36318
1.38605
1.37798
1.35884
1.37042
1.37614
1.36378
1.34737
1.33881
1.34175
1.32275
1.32058
1.3258
1.33231
1.33931
1.34871
1.35582
1.36877
1.36425
1.36464
1.36408
1.34447
1.34492
1.334
1.32344
1.32937
1.32599
1.36306
1.36168
1.37577
1.40024
1.39622
1.38499
1.39911
1.41487
1.41436
1.39902
1.40588
1.39944
1.4157
1.39328
1.40888
1.40309
1.38787
1.38051
1.37099
1.37093
1.35191
1.33334
1.34642
1.32439
1.3385
1.34591
1.34894
1.34529
1.34422
1.32528
1.31466
1.32278
1.3263
1.35808
1.35389
1.36079
1.38107
1.3513
1.36188
1.3573
1.381
1.37353
1.39096
1.39307
1.36688
1.36833
1.36583
1.35556
1.35197
1.36969
1.36584
1.36655
1.3853
1.37296
1.36722
1.39364
1.38576
1.39694
1.40739
1.41635
1.42325
1.44392
1.46505
1.45285
1.45533
1.45654
1.47117
1.47596
1.44622
1.43531
1.44006
1.43335
1.46016
1.47809
1.49656
1.50168
1.50861
1.50603
1.51676
1.51637
1.53507
1.55202
1.56144
1.55083
1.53165
1.5497
1.56329
1.5921
1.59485
1.58958
1.59019
1.58519
1.59559
1.58888
1.59135
1.58825
1.58585
1.60369
1.62218
1.58955
1.58541
1.57718
1.56154
1.54692
1.57641
1.57296
1.59271
1.61606
1.59971
1.61174
1.63643
1.6371
1.63969
1.64888
1.66372
1.68448
1.66777
1.69553
1.68085
1.68642
1.71853
1.70529
1.67425
1.66105
1.70731
1.71603
1.70669
1.68165
1.63861
1.65122
1.63644
1.62801
1.61844
1.59591
1.60751
1.59736
1.5893
1.60333
1.58119
1.60733
1.58002
1.57438
1.58576
1.59798
1.56914
1.60312
1.61354
1.61611
1.60981
1.63043
1.64758
1.66197
1.67855
1.70224
1.70304
1.70337
1.69145
1.71175
1.73573
1.7031
1.70605
1.7073
1.70265
1.7074
1.6825
1.69272
1.68936
1.69715
1.69803
1.72155
1.71447
1.74022
1.76301
1.74678
1.77962
1.77523
1.74961
1.78321
1.80649
1.82931
1.82164
1.8272
1.80229
1.82386
1.81429
1.84567
1.84126
1.85184
1.85877
1.87502
1.8658
1.85604
1.88233
1.90057
1.88934
1.90935
1.91749
1.91224
1.91034
1.91304
1.94054
1.93399
1.94306
1.96463
1.94516
1.93963
1.9521
1.95139
1.93945
1.93914
1.93151
1.92692
1.94023
1.96652
1.94993
1.96598
1.96368
1.98705
1.94963
1.95959
1.9706
1.92988
1.93483
1.94716
1.95025
1.92269
1.91431
1.92583
1.92534
1.96489
1.97653
1.95523
1.97276
1.99389
1.98151
2.01051
2.01529
2.01188
2.02645
1.99264
2.0094
1.99036
1.99831
1.98529
1.98697
1.9975
2.00655
2.0011
2.01221
1.9765
1.94392
1.95532
1.93027
1.92119
1.95431
1.93715
1.93261
1.92159
1.96513
2.00239
2.02253
2.04565
2.06621
2.07527
2.08241
2.10863
2.1176
2.09674
2.1227
2.12494
2.11135
2.10078
2.10336
2.11169
2.09192
2.11457
2.10999
2.10591
2.14336
2.11456
2.11368
2.1303
2.13944
2.1387
2.12151
2.10716
2.11232
2.13927
2.16247
2.14545
2.13039
2.16086
2.16375
2.15981
2.14433
2.14139
2.11746
2.09995
2.09031
2.09892
2.12884
2.14204
2.13466
2.16647
2.15456
2.15534
2.13588
2.1689
2.12382
2.12213
2.11976
2.0752
2.05853
2.04298
2.04052
2.04237
2.03099
2.02777
2.01465
2.008
2.03264
2.02036
2.02732
2.02831
2.0363
2.05548
2.07841
2.0924
2.10681
2.11931
2.10688
2.08974
2.03269
2.01034
2.01472
2.03337
2.06555
2.07014
2.08556
2.07769
2.04737
2.00871
2.01683
2.0144
2.01914
1.99923
2.01339
2.03079
2.01045
2.04219
2.03464
2.02768
2.04984
2.0683
2.04397
2.0422
2.02548
2.026
2.01933
2.00571
2.0144
2.03772
2.04834
2.05904
2.05834
2.07202
2.06447
2.12385
2.12558
2.13494
2.1242
2.13422
2.14798
2.13607
2.12973
2.0916
2.12866
2.15087
2.14466
2.1615
2.16994
2.17072
2.20426
2.20258
2.18766
2.20423
2.20834
2.28043
2.30516
2.28856
2.2898
2.32111
2.32631
2.3131
2.31214
2.31219
2.31711
2.32143
2.3368
2.35827
2.34365
2.32646
2.33701
2.34473
2.37125
2.36995
2.37347
2.3935
2.37
2.38698
2.33671
2.33344
2.34999
2.29927
2.2949
2.28211
2.28768
2.27652
2.25755
2.29088
2.30247
2.32419
2.31171
2.31546
2.32971
2.3425
2.34051
2.33992
2.37318
2.39098
2.39026
2.43496
2.44428
2.44701
2.45277
2.49247
2.48897
2.524
2.55882
2.56511
2.60355
2.61233
2.6594
2.64551
2.65488
2.63433
2.62435
2.6556
2.64113
2.66366
2.65193
2.67346
2.6703
2.63968
2.64429
2.66818
2.65864
2.66626
2.65836
2.6675
2.66216
2.62626
2.6302
2.63495
2.68027
2.6965
2.66498
2.61437
2.60434
2.61858
2.63151
2.62988
2.63983
2.56827
2.61309
2.60613
2.59919
2.61752
2.63766
2.6405
2.66558
2.68675
2.70821
2.67027
2.68739
2.72683
2.72005
2.75812
2.73046
2.7966
2.82231
2.84501
2.83818
2.85981
2.84257
2.83845
2.82552
2.85249
2.88684
2.84159
2.84931
2.82167
2.84373
2.87415
2.88743
2.84905
2.84423
2.84852
2.8739
2.81957
2.78207
2.83992
2.84042
2.82026
2.84739
2.85851
2.88022
2.90686
2.88252
2.92439
2.93573
2.96521
2.9852
2.98851
3.01224
3.00265
3.03067
3.0223
3.07089
3.13376
3.14986
3.15968
3.17486
3.16828
3.1434
3.16329
3.0809
3.0749
3.1031
3.10629
3.12681
3.13801
3.18165
3.17452
3.21412
3.19629
3.20453
3.15497
3.16772
3.1634
3.21759
3.28573
3.28195
3.27878
3.24904
3.26605
3.32054
3.36455
3.34714
3.34707
3.3597
3.42848
3.48166
3.47389
3.47181
3.52287
3.57023
3.52855
3.53367
3.55725
3.57047
3.56256
3.5739
3.59107
3.58295
3.52717
3.51051
3.422
3.4759
3.4989
3.53145
3.49877
3.54946
3.54294
3.53569
3.55783
3.54525
3.50601
3.46073
3.50434
3.46635
3.51657
3.51535
3.48525
3.4187
3.44236
3.3761
3.36377
3.39937
3.36421
3.37068
3.41983
3.39829
3.45322
3.44082
3.45182
3.43407
3.50683
3.48872
3.51537
3.52952
3.47204
3.55787
3.51651
3.54678
3.59142
3.6252
3.66583
3.70315
3.72368
3.70268
3.76444
3.79888
3.78776
3.79011
3.78746
3.73733
3.68005
3.67867
3.63471
3.62565
3.58323
3.63627
3.66044
3.67068
3.64264
3.62765
3.61168
3.62644
3.64905
3.67304
3.6387
3.63029
3.60385
3.59972
3.57779
3.59957
3.5384
3.55233
3.56007
3.55098
3.59584
3.58785
3.61868
3.59471
3.57754
3.60949
3.67031
3.68203
3.75016
3.74372
3.76664
3.78689
3.77703
3.76062
3.74708
3.8082
3.78128
3.80064
3.78287
3.81675
3.86128
3.88929
3.87716
3.89128
3.873
3.88116
3.89375
3.91847
3.89822
3.92006
3.86168
3.89232
3.94268
3.98332
4.01312
4.01177
4.01836
4.04388
4.07723
4.05183
4.00786
4.0086
4.0726
4.03831
4.0441
3.99016
3.98276
3.94556
3.97089
4.03289
4.09294
4.04302
4.08423
4.12284
4.12911
4.16272
4.10605
4.12404
4.07338
4.04977
4.09605
4.08592
4.08856
4.05322
4.10833
4.11986
4.14237
4.16136
4.15365
4.18841
4.16608
4.07366
4.12237
4.08734
4.09499
4.05807
4.08558
4.0295
4.08012
4.12261
4.10957
4.15925
4.16848
4.11014
4.16821
4.18249
4.05725
3.98414
3.98274
3.97781
3.92843
3.92009
3.91332
3.94806
3.93822
3.91544
3.99485
3.95255
3.90323
3.86473
3.87641
3.88916
3.97949
4.04017
4.03049
3.97447
4.02142
3.97694
4.011
4.04342
4.01947
3.97971
3.94739
3.92723
3.89082
3.9339
3.9359
3.93478
3.91455
3.88305
3.89934
3.92232
3.9058
3.90203
3.87692
3.88802
3.8752
3.89634
3.88187
3.81432
3.76165
3.74332
3.70848
3.83272
3.81939
3.80657
3.87705
3.85047
3.83268
3.91601
3.92024
3.92119
3.97436
3.90487
3.90064
3.9274
3.9352
3.94417
3.98794
3.94957
3.95783
3.96936
3.97191
3.98055
3.92703
3.96168
3.95484
3.94501
3.92509
3.94819
3.98323
3.94211
3.96034
3.94661
3.96391
4.02482
3.96074
3.9868
3.93331
3.89781
3.87194
3.87743
3.90504
3.85693
3.85134
3.79482
3.77927
3.80031
3.86331
3.88557
3.9337
3.99665
3.96613
3.96019
4.00849
4.01595
4.05285
4.10328
4.15186
4.21989
4.21628
4.24685
4.246
4.31148
4.32405
4.3195
4.27988
4.24894
4.24551
4.23876
4.19984
4.18402
4.19159
4.20239
4.24807
4.22736
4.29953
4.30461
4.22001
4.18185
4.25786
4.17007
4.17591
4.23099
4.19551
4.2011
4.23543
4.25284
4.23887
4.22081
4.24486
4.24212
4.30873
4.29963
4.28467
4.36922
4.3758
4.39316
4.44202
4.50852
4.53923
4.50558
4.45811
4.53869
4.56976
4.62936
4.64949
4.54213
4.56379
4.58287
4.60326
4.5421
4.56529
4.59784
4.58037
4.60972
4.55876
4.50843
4.57749
4.5211
4.51913
4.57969
4.59448
4.65437
4.69112
4.67748
4.66403
4.66446
4.69291
4.69228
4.6439
4.62327
4.65274
4.6231
4.62992
4.65031
4.74003
4.73494
4.81758
4.8528
4.89311
4.90335
4.87202
4.92174
5.01339
5.05151
5.1155
5.12635
5.1555
5.17526
5.2111
5.13585
5.15906
5.18551
5.14802
5.01657
5.04947
5.11163
5.07021
5.00711
5.01814
4.97339
4.98263
4.94698
4.88784
4.83676
4.87947
4.87655
4.88653
4.92919
4.9539
4.97162
4.95202
4.93649
4.94565
4.92596
4.99784
4.94782
4.91041
4.91445
4.95359
4.88686
4.79789
4.84043
4.88889
4.87465
4.87009
4.82296
4.84553
4.86884
4.90848
4.95736
5.00292
4.96339
4.89817
4.93331
4.96157
5.01474
5.01715
4.96096
4.92229
4.94646
4.91658
4.94145
4.97309
4.91129
4.99036
5.05803
5.05218
5.0333
4.99242
4.91789
4.94332
4.8978
4.92537
4.97737
4.99613
4.97975
4.96907
5.10632
5.18279
5.16672
5.17412
5.26108
5.22544
5.19993
5.12761
5.12704
5.07548
5.05985
5.05222
5.1272
5.15021
5.10908
5.19254
5.23632
5.2544
5.35936
5.33694
5.34627
5.23077
5.28078
5.28539
5.25522
5.20156
5.22243
5.24165
5.25875
5.26984
5.2532
5.27978
5.25739
5.27169
5.30199
5.27202
5.22506
5.23186
5.20648
5.14328
5.06625
5.08633
5.07986
5.18861
5.19512
5.20537
5.18588
5.18564
5.17617
5.22739
5.22235
5.13689
5.22106
5.23908
5.23409
5.27401
5.29763
5.31285
5.35037
5.36485
5.33437
5.30076
5.29353
5.32516
5.37036
5.38687
5.29151
5.35676
5.38213
5.44881
5.38957
5.41737
5.52508
5.60828
5.5871
5.64384
5.64084
5.59379
5.56643
5.68609
5.71504
5.79627
5.797
5.70995
5.66727
5.56741
5.49687
5.39061
5.45412
5.45879
5.4508
5.40169
5.39801
5.35274
5.38979
5.4306
5.44518
5.44509
5.47091
5.39396
5.48762
5.45397
5.48957
5.51035
5.51527
5.51072
5.58219
5.63535
5.71654
5.71253
5.76355
5.78628
5.80231
5.88358
5.83887
5.82517
5.87627
5.92523
5.94632
5.94953
5.99587
5.85133
5.87511
5.83181
5.83389
5.87862
5.819
5.83451
5.82019
5.85228
5.85759
5.82514
5.81555
5.82608
5.83771
5.86034
5.83323
5.91384
5.79902
5.82725
5.88006
5.7644
5.74804
5.70652
5.69699
5.72733
5.6599
5.76753
5.81189
5.79351
5.87489
5.9821
5.95092
5.99691
5.95316
5.9174
5.98617
5.94755
5.95413
5.94652
5.97258
5.95463
5.9133
5.90107
5.86319
5.86645
5.86377
5.99558
5.98411
5.93006
5.91508
6.0331
6.08898
6.01948
5.97938
5.94123
5.91874
5.95177
5.94941
6.10435
6.00054
5.90777
5.78958
5.85465
5.89134
5.87416
5.89914
5.96463
6.00944
6.03145
6.05411
6.04222
5.94849
5.89735
5.87356
5.93737
5.83159
5.89629
5.84846
5.75337
5.66404
5.54637
5.50726
5.49512
5.57733
5.58357
5.57668
5.6134
5.55732
5.59089
5.54433
5.47445
5.42791
5.46704
5.4498
5.4187
5.41755
5.36909
5.31424
5.36193
5.30114
5.30455
5.23112
5.29889
5.33294
5.34106
5.28571
5.29268
5.28807
5.21371
5.19088
5.09667
5.1531
5.1466
5.1881
5.15648
5.14755
5.23884
5.198
5.21978
5.16938
5.1542
5.15092
5.17426
5.11975
5.10772
5.18567
5.20299
5.17601
5.18863
5.1494
5.10914
5.12668
5.12715
5.1696
5.15623
5.17474
5.30265
5.34305
5.35029
5.3022
5.31482
5.28428
5.29943
5.30078
5.36953
5.43943
5.4205
5.35893
5.33341
5.36293
5.31001
5.3706
5.34241
5.35454
5.27648
5.34109
5.35902
5.35273
5.33333
5.35943
5.343
5.34261
5.44815
5.52907
5.45803
5.4809
5.52053
5.5135
5.47794
5.48418
5.47745
5.58892
5.62061
5.61939
5.56296
5.57066
5.52808
5.48456
5.4613
5.44233
5.50594
5.54535
5.61455
5.67024
5.61812
5.65424
5.60428
5.58774
5.60537
5.56063
5.61021
5.56851
5.59061
5.74058
5.83784
5.97095
5.88615
5.77432
5.67382
5.63931
5.63576
5.64047
5.67766
5.66456
5.67067
5.71008
5.72638
5.82233
5.83586
5.89269
5.92706
5.93266
5.94503
5.95486
5.92889
6.03776
5.93383
5.97447
5.9715
5.92806
5.93113
5.95263
5.96596
6.08044
6.02665
5.97444
6.01611
6.02322
6.04371
6.02354
6.03852
6.08921
6.14152
6.18686
6.11155
6.1364
6.19912
6.07784
6.17004
6.15086
6.2116
6.09151
6.13846
6.17566
6.20974
6.16054
6.14477
6.15968
6.24214
6.21052
6.26497
6.18556
6.14175
6.15124
6.21283
6.30076
6.23029
6.29271
6.25084
6.1053
6.17434
6.26224
6.20818
6.15061
6.10119
5.96477
5.86796
5.84609
5.93747
5.88929
5.91128
5.91563
5.89563
5.91202
5.79904
5.82318
5.90193
5.89912
5.88135
5.87871
5.80838
5.78515
5.7381
5.67912
5.70559
5.72331
5.64886
5.6369
5.6546
5.61206
5.6672
5.69061
5.63294
5.54255
5.6709
5.63268
