102.9
102.898
102.987
103.107
102.633
102.9
102.57
102.659
102.9
102.808
102.438
102.188
102.517
102.937
102.727
102.963
103.324
103.551
103.711
104.206
104.687
105.641
105.913
105.553
105.136
105.441
105.528
105.383
105.472
105.042
104.811
104.644
105.114
104.871
104.585
104.881
104.773
104.931
104.963
105.324
105.566
105.455
105.953
105.229
105.898
106.002
105.993
105.476
105.549
105.263
105.316
105.661
105.539
105.629
105.699
105.725
105.767
105.694
104.893
104.901
104.729
105.509
105.895
105.96
106.05
106.33
105.849
105.619
105.494
105.092
104.761
104.589
105.321
104.765
104.013
103.539
103.584
103.908
104.05
104.158
103.741
103.913
103.691
104.191
104.437
104.504
104.49
104.264
103.842
103.905
104.183
103.497
103.48
103.632
103.254
103.355
103.352
103.609
103.451
103.843
103.874
103.522
103.409
103.548
103.212
103.162
103.101
103.43
103.206
102.908
102.777
102.88
102.331
102.749
102.706
102.765
103.009
103.508
103.039
103.095
103.097
103.808
103.648
103.462
104.012
104.012
103.889
104.201
103.923
104.162
103.748
103.166
103.237
103.171
103.118
103.243
103.249
102.67
102.891
102.735
102.725
102.706
102.454
102.721
102.805
102.78
103.2
103.213
103.209
103.359
103.508
103.79
103.568
103.679
103.652
103.403
104.055
103.725
103.653
103.505
103.06
102.896
102.92
103.113
103.154
103.282
103.478
103.651
103.299
103.068
103.067
102.791
102.273
101.848
101.635
101.489
101.208
101.274
101.322
101.18
101.271
101.289
101.044
100.798
100.709
100.657
100.524
100.283
100.353
100.375
100.435
100.786
100.81
100.757
100.659
100.406
100.657
101.063
101.136
101.129
101.194
100.956
100.941
100.991
101.353
101.557
101.681
101.62
101.737
101.56
101.267
101.335
101.633
101.652
101.423
101.47
101.154
101.319
101.294
101.374
100.874
100.963
100.872
100.679
100.833
100.869
100.689
100.763
100.885
100.568
100.429
100.483
100.634
100.637
100.825
100.818
100.884
100.922
100.761
100.728
101.085
100.872
100.821
100.676
100.39
100.365
100.293
100.217
100.367
100.379
100.344
100.196
100.397
100.361
100.364
100.359
100.556
100.586
100.557
100.85
100.952
101.184
101.412
101.37
101.81
101.808
101.524
101.555
101.564
101.486
101.535
101.288
101.325
101.344
101.488
101.618
101.557
101.679
101.771
101.793
101.82
101.861
101.906
101.943
102.041
101.938
101.785
101.747
101.592
101.6
101.329
101.289
101.231
101.109
101.12
101.041
100.596
100.549
100.55
100.586
100.543
100.521
100.655
100.714
100.775
100.531
100.661
100.634
100.504
100.565
100.587
100.625
100.75
100.809
100.977
101.423
101.675
101.729
101.946
101.967
102.203
102.59
102.742
103.096
103.199
103.211
102.877
102.854
103.206
103.555
103.755
103.887
104.245
104.647
104.576
104.845
104.962
104.913
105.027
104.806
104.634
105.151
104.725
104.733
104.243
104.427
104.604
105.059
104.997
105.275
105.239
105.4
105.255
105.418
105.357
105.832
105.779
105.656
105.951
105.918
106.187
105.974
105.84
106.388
105.832
105.361
105.356
105.365
105.173
104.646
104.671
104.297
104.27
104.392
104.187
104.573
103.792
104.192
104.037
104.882
105.107
105.092
105.342
105.024
104.884
105.068
105.516
105.363
104.988
104.885
105.087
105.054
104.978
104.909
104.44
104.183
104.782
104.879
104.917
104.915
105.018
104.656
104.562
104.563
104.594
104.666
104.595
104.188
104.449
104.111
104.446
104.743
104.919
104.699
104.359
104.605
104.806
105.044
104.888
105.297
104.988
104.881
105.232
105.489
105.806
106.186
106.387
106.929
107.244
106.64
106.655
106.904
106.739
106.438
106.179
106.302
106.074
106.244
106.068
106.189
106.502
106.504
106.804
107.035
106.172
106.106
105.918
105.825
105.779
106.11
106.171
105.819
105.706
105.857
105.634
105.802
105.914
105.996
105.48
106.059
106.27
106.922
106.619
106.839
106.365
106.652
106.764
107.022
107.293
107.479
107.033
107.267
107.36
107.615
107.374
107.381
107.835
108.215
107.997
108.412
108.727
108.686
109.045
109.979
109.998
110.728
111.005
111.348
111.04
112.141
111.745
111.829
111.916
111.745
111.744
112.106
112.402
112.504
112.144
112.384
113.298
113.393
113.264
112.947
113.257
113.434
113.664
113.889
112.893
113.091
113.134
112.909
113.015
113.081
113.208
113.379
112.834
112.267
112.009
112.117
112.723
112.477
111.797
111.641
111.616
112.205
112.673
112.718
111.806
111.94
112.345
112.829
112.985
113.757
114.42
114.95
115.236
115.637
115.971
115.766
115.273
115.356
114.56
114.188
114.345
114.004
114.051
114.545
114.68
114.528
114.869
115.119
115.301
115.084
115.535
116.009
116.206
115.754
115.227
115.175
115.352
115.706
115.812
115.754
115.734
115.606
115.099
115.211
115.379
115.618
115.102
115.738
116.05
116.192
116.001
115.773
115.584
115.967
115.814
116.118
116.511
117.327
117.956
118.205
117.997
118.784
119.32
118.753
118.874
119.55
119.523
118.839
119.004
119.007
119.709
119.817
120.413
121.084
119.987
119.5
119.585
120.157
120.039
120.09
120.562
120.355
120.29
121.094
121.338
121.863
122.143
122.53
123.103
123.113
123.08
123.085
123.323
124.115
124.104
123.605
123.135
122.638
122.176
121.87
122.486
123.193
122.631
122.102
122.502
122.482
123.077
122.855
122.348
122.51
122.647
123.209
122.65
122.124
122.081
122.188
122.094
122.291
122.57
122.276
121.698
122.137
122.423
122.517
122.017
122.447
122.301
122.288
122.604
122.163
122.264
122.232
122.596
122.092
122.241
121.742
121.794
121.495
121.655
122.321
121.892
121.971
122.11
121.554
121.699
121.312
121.694
121.247
120.551
120.978
121.285
120.784
120.844
120.477
120.595
119.834
119.574
119.931
120.604
120.923
121.26
121.427
121.586
121.409
121.653
121.951
121.274
121.154
120.75
120.447
120.539
120.771
121.62
121.652
121.506
122.066
122.179
121.51
121.699
121.733
121.853
121.495
122.169
121.812
122.017
121.212
121.614
121.536
121.2
120.765
120.539
120.861
120.37
119.81
120.298
119.825
120.238
120.421
120.517
120.404
120.214
119.727
119.277
119.824
119.651
120.082
119.928
119.807
119.987
118.786
118.97
118.738
119.065
119.04
119.778
120.029
119.614
119.623
119.404
119.181
119.394
119.928
119.989
120.341
120.928
120.556
120.361
121.032
120.87
121.135
121.341
121.615
121.775
122.038
122.915
122.614
122.685
122.68
123.291
123.557
122.947
122.478
122.456
122.368
123.284
123.889
124.214
124.118
124.222
124.197
124.816
124.957
125.331
125.699
125.984
125.907
125.463
126.108
126.298
126.991
126.916
126.838
127.299
127.122
127.591
127.782
128.022
128.531
128.007
128.368
128.701
128.029
128.143
127.969
127.256
126.695
127.163
126.904
127.572
128.203
128.103
128.401
129.052
128.996
129.093
129.076
129.645
130.386
130.164
131.077
130.756
130.822
131.507
131.355
130.369
130.275
131.68
131.654
131.362
130.837
129.693
130.151
129.816
129.795
129.271
128.653
128.678
128.693
128.272
128.486
128.127
128.711
127.907
128.12
128.581
128.681
128.235
129.301
129.142
129.169
129.108
129.808
130.53
130.842
131.558
131.911
132.363
132.443
132.148
132.802
133.502
132.537
132.845
132.764
132.827
132.843
132.538
132.89
132.809
132.854
133.011
133.583
133.443
134.272
134.752
134.541
135.609
135.503
135.007
135.988
136.639
137.193
136.692
137.04
136.517
137.049
136.994
137.87
137.789
137.871
138.258
138.451
137.569
137.154
137.867
138.327
137.448
138.233
138.414
137.911
137.803
137.683
138.723
138.686
138.408
139.197
139.366
138.937
139.167
139.194
138.993
138.974
138.723
138.485
139.319
139.933
139.528
139.968
139.835
140.67
139.671
139.742
139.793
138.704
138.521
138.479
138.605
137.884
137.718
138.035
137.621
138.334
138.739
138.388
138.994
139.687
139.731
140.541
140.563
140.988
140.894
140.115
140.648
140.201
140.321
139.857
139.978
140.158
139.978
139.902
140.499
139.574
138.578
139.106
138.771
138.846
139.815
139.257
139.152
138.995
139.717
140.771
140.882
141.38
141.828
141.815
142.117
142.524
142.548
142.152
142.93
143.269
143.183
142.573
142.814
143.317
142.426
143.028
143.045
142.949
144.013
143.433
143.289
143.63
143.839
144.176
143.636
143.339
143.343
144.361
144.932
144.582
144.406
145.094
145.083
144.782
144.291
143.983
143.563
143.2
143.129
143.295
143.873
144.277
143.763
144.343
144.336
144.479
143.843
144.675
143.707
143.974
143.965
142.775
142.258
141.565
141.292
140.952
140.624
140.764
140.605
140.576
141.105
140.774
141.024
141.162
141.146
141.348
141.835
141.955
142.208
142.385
141.628
141.372
140.005
139.296
139.131
139.604
140.438
140.401
140.963
140.892
140.227
139.193
139.382
139.706
139.955
139.691
139.861
140.25
139.7
140.198
139.911
139.425
140.114
140.255
140.025
139.945
139.444
139.193
138.87
138.566
139.2
139.817
140.014
140.238
140.314
140.544
140.313
141.726
142.15
142.578
142.178
142.589
142.816
142.792
142.51
141.46
142.095
142.461
142.515
143.462
143.355
143.781
144.78
144.89
144.376
144.671
144.312
145.771
146.222
146.313
146.406
147.06
147.207
146.923
146.727
146.529
146.281
146.74
146.782
147.335
147.248
147.247
147.8
148.328
148.819
149.061
149.031
149.454
148.753
149.236
148.561
148.406
148.701
147.649
147.904
147.446
147.761
147.502
147.361
147.887
148.191
148.868
148.733
148.636
148.968
149.424
149.466
149.147
149.551
150.079
149.961
151.171
151.739
152.001
152.171
152.902
152.933
153.463
153.825
153.806
154.312
154.268
155.252
155.239
155.592
155.575
155.1
155.839
155.904
157.121
156.923
157.221
157.243
157.1
157.14
157.53
157.358
157.373
156.952
157.01
157.1
156.277
156.25
156.066
157.112
157.704
156.955
156.119
156.725
156.88
157.211
157.079
157.887
156.928
157.607
156.862
156.44
156.542
156.771
157.105
157.604
158.482
158.517
157.436
158.22
158.844
158.224
159.137
158.646
160.172
160.474
160.76
160.529
161.312
161.437
161.501
161.346
161.969
161.936
161.189
161.373
161.157
161.788
161.825
161.572
160.475
160.124
160.123
160.504
160.03
159.03
160.199
160.472
159.991
160.387
160.785
161.739
162.424
162.456
163.107
163.258
163.627
163.433
163.691
163.986
163.634
163.974
163.993
164.739
165.5
165.494
165.453
165.745
165.69
165.824
166.108
164.982
164.927
165.461
165.822
166.419
166.298
166.924
166.407
166.995
166.791
166.584
165.742
166.025
165.936
166.632
167.64
167.707
167.637
166.711
166.494
166.995
167.737
167.317
167.016
167.491
168.959
169.86
169.943
170.292
170.657
171.829
171.583
172.011
172.657
172.793
172.763
172.712
173.173
172.903
172.234
171.851
170.95
171.792
172.001
172.857
172.247
173.385
173.286
173.63
173.978
173.888
173.555
173.148
173.36
172.535
173.482
173.236
172.26
171.516
172.001
171.148
170.767
171.388
170.531
170.066
171.312
170.74
171.415
171.352
171.023
170.851
171.808
171.346
171.747
171.947
171.053
172.649
171.828
172.266
172.995
173.54
174.262
174.846
175.601
175.186
176.64
177.504
177.597
177.701
177.546
176.957
176.206
176.053
175.434
175.398
174.248
175.141
175.521
175.621
174.845
174.429
173.909
174.231
174.442
174.824
174.088
174.16
173.682
173.853
173.634
173.993
173.638
173.585
173.769
173.578
173.718
173.47
173.801
173.412
173.033
173.804
175.194
175.293
176.221
176.124
176.661
176.955
176.984
176.266
176.117
176.742
176.248
176.706
176.378
177.077
178.118
178.347
178.247
178.82
178.299
178.161
177.948
178.232
178.14
178.338
177.164
177.458
177.962
178.828
179.304
179.052
178.977
179.191
179.602
179.029
178.338
178.519
179.514
179.31
179.64
178.757
178.965
178.203
178.704
179.224
180.184
179.433
179.826
180.091
180.156
180.445
179.695
179.975
179.186
178.802
179.592
179.955
179.756
179.21
179.684
179.575
179.508
180.144
179.753
180.647
180.529
179.439
180.335
180.058
180.38
180.269
180.655
179.343
180.179
180.87
180.878
181.842
182.088
181.404
181.905
181.981
180.372
179.322
179.669
179.661
178.859
178.48
178.49
178.834
178.691
178.407
179.805
179.683
179.114
178.319
178.95
179.298
180.535
180.929
180.495
179.744
180.231
179.822
180.111
180.281
179.839
179.579
179.394
179.016
178.711
178.993
178.975
179.003
178.755
178.59
178.717
178.847
178.586
178.486
178.224
178.184
177.745
178.231
177.805
176.801
175.8
175.272
175.039
176.186
176.13
176.164
177.4
177.128
176.714
177.447
177.933
178.064
178.413
177.558
177.563
177.472
177.384
177.527
178.179
177.806
177.962
177.944
177.551
177.597
177.207
177.544
177.502
177.282
177.157
177.39
177.996
177.211
177.677
177.531
177.964
178.677
177.834
178.247
177.603
177.223
177.036
177.473
177.883
177.62
177.555
176.892
176.67
177.253
178.169
178.284
178.748
179.109
178.64
178.556
179.186
179.183
179.675
180.32
180.738
181.365
181.124
181.187
181.147
181.658
181.841
182.417
181.905
181.362
181.235
181.412
180.884
180.534
180.53
180.768
181.44
181.114
181.775
181.708
180.782
180.314
181.457
180.375
180.324
180.93
180.569
180.655
181.009
181.495
181.669
181.478
181.965
182.21
183.234
183.493
183.553
184.486
184.427
184.166
184.358
185.129
185.291
184.728
184.093
184.716
184.732
185.24
185.354
184.323
184.433
184.53
184.308
183.964
183.869
184.278
184.24
184.439
183.916
183.545
184.221
184.396
184.364
184.903
185.092
185.751
185.896
185.727
185.468
184.899
185.254
185.481
185.008
184.88
185.184
185.104
185.127
185.272
185.96
185.872
186.647
186.975
187.149
187.323
186.982
187.615
188.546
188.633
189.232
189.145
189.694
189.986
190.263
189.807
190.374
190.751
190.554
189.324
189.148
189.801
189.061
188.495
188.672
188.357
188.372
188.398
187.746
187.223
187.458
187.403
187.466
187.967
188.017
188.088
188.036
187.934
187.879
187.657
188.281
187.79
187.473
187.501
187.786
187.175
186.476
186.772
187.458
187.449
187.334
186.928
187.198
187.272
187.528
188.04
188.309
187.851
187.246
187.823
188.068
188.724
189.003
188.743
188.477
188.728
188.693
188.982
189.028
188.195
188.749
189.308
189.346
189.278
188.659
188.148
188.477
188.199
188.275
188.708
188.687
188.358
188.225
189.466
190.185
190.056
190.077
191.037
190.568
190.232
189.539
189.422
189.027
188.905
188.799
189.47
189.598
189.317
190
190.573
191.099
191.666
191.351
191.661
191.038
191.456
191.605
191.343
191.123
191.244
191.614
191.548
191.573
191.55
191.565
191.519
191.774
192.089
191.822
191.475
191.678
191.599
191.121
190.642
190.728
190.955
191.484
191.599
191.866
191.537
191.453
191.279
191.636
191.681
191.291
191.761
191.937
192.108
192.495
192.589
192.811
193.117
193.113
192.643
192.673
192.634
192.659
193.074
193.234
192.759
193.095
193.042
193.363
193.249
193.332
193.787
194.378
194.239
194.541
194.725
194.661
194.277
195.063
195.239
195.687
195.925
195.662
195.481
194.692
194.238
193.414
193.881
194.04
194.076
193.632
193.676
193.311
193.746
193.989
193.687
193.444
193.484
192.635
193.205
192.879
192.949
193.095
193.147
192.845
193.309
193.434
193.932
193.813
193.938
194.077
194.089
194.933
194.671
194.788
195.287
195.751
195.927
195.844
196.394
195.583
195.795
195.688
195.688
196.22
196.068
196.196
195.936
196.321
196.646
196.312
196.462
196.531
196.475
196.65
196.23
196.702
196.1
196.271
196.773
195.981
195.96
195.477
195.499
195.573
195.115
195.788
195.739
195.825
196.185
196.907
196.835
197.241
197.076
196.755
196.939
196.732
196.832
196.856
196.971
196.974
196.87
196.867
196.641
196.652
196.777
197.296
197.236
197.092
197.198
197.6
197.667
197.391
197.163
197.123
196.98
197.152
197.224
197.95
197.573
197.231
196.654
196.978
197.226
197.305
197.382
197.756
197.853
198.01
198.124
198.01
197.673
197.488
197.514
197.758
197.277
197.614
197.404
197.008
196.627
196.015
195.796
196.014
196.296
196.432
196.469
196.638
196.474
196.717
196.426
196.097
195.829
195.988
195.885
195.823
195.84
195.598
195.42
195.607
195.444
195.772
195.408
195.765
195.778
195.706
195.36
195.426
195.571
195.287
195.119
194.718
195.042
195.016
195.306
195.142
195
195.404
195.211
195.206
194.903
194.894
194.998
195.104
194.787
194.746
194.991
195.015
194.941
195.017
194.785
194.574
194.817
194.843
195.034
195.085
195.243
195.869
195.929
196.069
195.801
195.762
195.656
195.949
195.98
196.074
196.373
196.418
196.238
196.232
196.432
196.098
196.229
196.173
196.053
195.635
196.014
195.958
195.986
195.987
196.144
195.789
195.87
196.334
196.765
196.692
196.775
196.854
196.877
196.849
196.904
196.938
197.193
197.336
197.353
197.234
197.3
197.186
197.16
197.154
196.982
197.091
197.279
197.426
197.615
197.478
197.678
197.544
197.437
197.476
197.364
197.471
197.353
197.463
197.693
197.905
198.166
197.96
197.728
197.588
197.54
197.574
197.534
197.631
197.663
197.723
197.831
197.915
197.986
198.008
198.074
198.187
198.19
198.26
198.269
198.336
198.468
198.335
198.36
198.443
198.475
198.418
198.518
198.527
198.832
198.727
198.574
198.613
198.595
198.691
198.654
198.698
198.901
199.028
199.109
199.007
199.07
199.246
199.051
199.301
199.262
199.436
199.067
199.108
199.233
199.351
199.284
199.384
199.327
199.524
199.414
199.482
199.261
199.227
199.337
199.487
199.547
199.432
199.537
199.53
199.237
199.264
199.386
199.241
199.095
198.98
198.612
198.379
198.34
198.508
198.386
198.515
198.549
198.494
198.506
198.356
198.42
198.562
198.521
198.452
198.374
198.328
198.312
198.258
198.104
198.133
198.151
197.944
197.919
197.912
197.846
197.978
198.099
198.098
197.883
198.159
198.039
