102.9
102.916
103.044
103.143
102.654
102.968
102.604
102.662
102.898
102.812
102.463
102.2
102.511
102.984
102.739
102.998
103.366
103.592
103.752
104.231
104.722
105.705
105.99
105.627
105.179
105.472
105.578
105.424
105.58
105.069
104.913
104.722
105.216
104.953
104.638
104.966
104.863
104.98
105.005
105.344
105.593
105.513
105.989
105.284
105.987
106.072
106.028
105.535
105.622
105.318
105.399
105.738
105.562
105.681
105.759
105.813
105.822
105.791
104.964
104.955
104.785
105.548
105.986
106.002
106.118
106.41
105.947
105.701
105.561
105.159
104.85
104.658
105.398
104.812
104.089
103.645
103.666
103.977
104.152
104.238
103.844
104.029
103.759
104.306
104.549
104.637
104.571
104.307
103.925
103.962
104.245
103.589
103.602
103.709
103.34
103.434
103.461
103.674
103.523
103.928
103.987
103.583
103.485
103.616
103.302
103.235
103.185
103.507
103.288
102.993
102.867
102.952
102.456
102.862
102.76
102.819
103.086
103.578
103.119
103.15
103.167
103.906
103.747
103.543
104.098
104.11
103.978
104.311
104.016
104.261
103.814
103.296
103.307
103.265
103.205
103.347
103.346
102.769
103.054
102.818
102.811
102.827
102.551
102.835
102.928
102.852
103.316
103.321
103.297
103.446
103.636
103.889
103.634
103.758
103.752
103.46
104.148
103.817
103.782
103.607
103.153
102.984
103.036
103.214
103.237
103.369
103.55
103.744
103.383
103.129
103.147
102.867
102.363
101.932
101.697
101.602
101.277
101.357
101.408
101.26
101.368
101.398
101.151
100.871
100.802
100.743
100.62
100.378
100.457
100.451
100.531
100.882
100.933
100.837
100.748
100.506
100.758
101.19
101.249
101.238
101.281
101.051
101.046
101.098
101.492
101.675
101.803
101.705
101.855
101.652
101.375
101.441
101.744
101.768
101.509
101.562
101.216
101.409
101.404
101.475
100.974
101.073
100.984
100.808
100.959
100.992
100.803
100.871
100.985
100.68
100.532
100.62
100.737
100.752
100.954
100.939
100.985
101.02
100.889
100.803
101.218
100.974
100.934
100.787
100.52
100.504
100.406
100.324
100.494
100.454
100.452
100.299
100.521
100.473
100.455
100.478
100.654
100.674
100.647
100.978
101.049
101.294
101.531
101.457
101.93
101.919
101.659
101.678
101.684
101.622
101.678
101.413
101.466
101.459
101.61
101.748
101.66
101.79
101.866
101.897
101.91
101.995
102.009
102.057
102.143
102.044
101.871
101.822
101.653
101.673
101.439
101.384
101.294
101.176
101.196
101.114
100.68
100.658
100.664
100.684
100.619
100.622
100.735
100.804
100.849
100.6
100.738
100.715
100.595
100.64
100.685
100.691
100.791
100.875
101.045
101.51
101.769
101.792
102.012
102.055
102.316
102.674
102.8
103.188
103.291
103.315
102.948
102.955
103.277
103.628
103.819
103.97
104.33
104.742
104.685
104.951
105.075
105.004
105.083
104.868
104.714
105.218
104.808
104.807
104.322
104.527
104.664
105.096
105.081
105.377
105.315
105.478
105.326
105.485
105.419
105.918
105.876
105.722
105.996
105.983
106.28
106.045
105.928
106.511
105.92
105.431
105.421
105.453
105.243
104.698
104.752
104.389
104.335
104.487
104.244
104.636
103.889
104.315
104.115
104.993
105.229
105.236
105.39
105.12
105.042
105.132
105.594
105.485
105.102
104.963
105.177
105.138
105.025
105.02
104.49
104.283
104.877
104.977
105.021
104.995
105.1
104.75
104.632
104.656
104.643
104.75
104.67
104.271
104.537
104.201
104.508
104.867
105.017
104.798
104.423
104.645
104.89
105.134
104.967
105.383
105.078
104.936
105.329
105.566
105.874
106.234
106.453
107.035
107.334
106.758
106.741
107
106.842
106.523
106.277
106.38
106.14
106.319
106.143
106.284
106.586
106.618
106.884
107.128
106.26
106.199
105.984
105.902
105.882
106.188
106.263
105.939
105.827
105.931
105.721
105.826
105.978
106.099
105.573
106.113
106.331
107.001
106.697
106.902
106.44
106.719
106.868
107.098
107.379
107.611
107.118
107.357
107.446
107.651
107.466
107.458
107.922
108.32
108.089
108.483
108.817
108.768
109.101
110.061
110.056
110.828
111.122
111.475
111.094
112.229
111.811
111.958
111.993
111.841
111.817
112.189
112.47
112.575
112.222
112.44
113.391
113.469
113.314
113.092
113.365
113.496
113.748
113.95
113.002
113.21
113.248
113.006
113.126
113.151
113.294
113.463
112.941
112.374
112.138
112.216
112.793
112.564
111.888
111.722
111.7
112.278
112.776
112.784
111.909
112.018
112.437
112.964
113.097
113.864
114.476
115.086
115.366
115.739
116.057
115.843
115.351
115.483
114.647
114.333
114.456
114.113
114.111
114.643
114.801
114.607
114.964
115.202
115.41
115.183
115.657
116.111
116.273
115.859
115.324
115.246
115.451
115.814
115.887
115.845
115.791
115.721
115.193
115.273
115.476
115.749
115.166
115.821
116.142
116.278
116.088
115.906
115.666
116.064
115.891
116.203
116.608
117.419
118.026
118.301
118.111
118.867
119.404
118.811
118.905
119.673
119.572
118.931
119.136
119.085
119.778
119.91
120.536
121.176
120.049
119.603
119.661
120.234
120.136
120.193
120.644
120.42
120.381
121.199
121.447
121.956
122.246
122.653
123.248
123.184
123.148
123.183
123.438
124.218
124.21
123.667
123.251
122.699
122.262
121.971
122.62
123.295
122.7
122.12
122.639
122.544
123.198
122.926
122.435
122.594
122.794
123.303
122.73
122.257
122.165
122.29
122.172
122.367
122.651
122.405
121.758
122.169
122.541
122.652
122.098
122.466
122.417
122.364
122.673
122.259
122.293
122.3
122.656
122.225
122.353
121.9
121.916
121.58
121.72
122.373
121.966
122.067
122.147
121.612
121.796
121.402
121.799
121.358
120.666
121.036
121.409
120.935
120.953
120.583
120.696
119.895
119.72
120.015
120.688
121.022
121.313
121.553
121.674
121.44
121.716
122.07
121.356
121.257
120.858
120.529
120.671
120.842
121.665
121.788
121.602
122.194
122.25
121.633
121.834
121.808
121.937
121.587
122.303
121.921
122.125
121.34
121.683
121.635
121.289
120.85
120.674
120.958
120.486
119.966
120.379
119.876
120.344
120.502
120.627
120.504
120.326
119.819
119.369
119.879
119.754
120.168
120.023
119.884
120.11
118.864
119.087
118.832
119.168
119.084
119.867
120.114
119.714
119.708
119.497
119.29
119.46
120.045
120.067
120.439
121.04
120.633
120.478
121.124
120.942
121.175
121.389
121.725
121.852
122.155
123
122.697
122.742
122.763
123.364
123.634
123.028
122.553
122.556
122.492
123.377
124.022
124.305
124.189
124.329
124.276
124.937
125.071
125.476
125.749
126.081
126
125.529
126.182
126.428
127.105
127.014
126.943
127.387
127.249
127.698
127.849
128.133
128.609
128.092
128.457
128.81
128.122
128.17
128.109
127.389
126.737
127.278
126.923
127.625
128.315
128.194
128.472
129.147
129.092
129.186
129.179
129.777
130.497
130.283
131.12
130.832
130.937
131.584
131.515
130.465
130.389
131.774
131.753
131.429
130.963
129.771
130.246
129.895
129.912
129.387
128.785
128.793
128.81
128.367
128.578
128.224
128.794
128.008
128.2
128.677
128.729
128.326
129.383
129.211
129.276
129.201
129.938
130.6
130.96
131.671
131.981
132.464
132.561
132.217
132.91
133.631
132.625
132.959
132.879
132.913
132.911
132.572
133.008
132.908
132.956
133.103
133.684
133.556
134.347
134.848
134.653
135.682
135.605
135.076
136.078
136.739
137.263
136.776
137.108
136.621
137.142
137.071
137.964
137.863
137.94
138.411
138.515
137.671
137.28
137.931
138.424
137.522
138.341
138.525
138.012
137.863
137.785
138.841
138.824
138.482
139.337
139.398
139.063
139.271
139.252
139.066
139.029
138.81
138.573
139.401
140.024
139.626
140.074
139.897
140.719
139.735
139.865
139.909
138.788
138.566
138.556
138.665
137.989
137.79
138.164
137.716
138.435
138.793
138.483
139.1
139.768
139.799
140.57
140.657
141.109
141.033
140.214
140.731
140.309
140.391
139.937
140.056
140.297
140.074
139.948
140.528
139.676
138.665
139.203
138.86
138.935
139.881
139.347
139.196
139.067
139.8
140.841
140.943
141.486
141.907
141.9
142.188
142.646
142.616
142.262
143.01
143.414
143.302
142.664
142.914
143.452
142.524
143.109
143.161
143.076
144.087
143.542
143.364
143.69
143.966
144.237
143.709
143.446
143.418
144.434
145.071
144.689
144.476
145.138
145.179
144.903
144.378
144.064
143.643
143.29
143.268
143.418
143.953
144.422
143.842
144.428
144.425
144.576
143.879
144.762
143.844
144.066
144.083
142.908
142.322
141.658
141.418
141.006
140.725
140.835
140.701
140.682
141.205
140.877
141.123
141.229
141.248
141.476
141.933
142.051
142.286
142.465
141.727
141.465
140.119
139.395
139.248
139.666
140.54
140.46
141.09
140.995
140.307
139.29
139.456
139.79
140.058
139.758
139.967
140.347
139.752
140.266
140.012
139.471
140.182
140.377
140.099
140.017
139.552
139.355
138.958
138.66
139.255
139.9
140.123
140.34
140.408
140.635
140.387
141.797
142.211
142.691
142.253
142.671
142.896
142.902
142.608
141.556
142.183
142.6
142.587
143.539
143.425
143.869
144.845
145.032
144.454
144.788
144.379
145.832
146.308
146.382
146.469
147.095
147.247
147.052
146.824
146.603
146.357
146.857
146.859
147.445
147.344
147.312
147.843
148.398
148.887
149.177
149.114
149.51
148.834
149.307
148.635
148.491
148.772
147.752
147.968
147.522
147.901
147.608
147.45
147.972
148.268
148.943
148.825
148.727
149.052
149.451
149.522
149.269
149.655
150.161
150.039
151.262
151.825
152.127
152.239
152.965
153.013
153.545
153.96
153.858
154.398
154.386
155.367
155.296
155.666
155.659
155.178
155.916
155.97
157.221
157.027
157.324
157.275
157.141
157.265
157.612
157.472
157.456
157.021
157.081
157.146
156.311
156.324
156.122
157.201
157.752
156.987
156.232
156.852
156.92
157.311
157.17
157.974
157.007
157.74
156.936
156.538
156.664
156.825
157.203
157.703
158.586
158.593
157.546
158.335
158.904
158.315
159.199
158.743
160.223
160.561
160.865
160.612
161.399
161.539
161.602
161.389
162.039
162.055
161.31
161.413
161.256
161.843
161.9
161.684
160.55
160.227
160.236
160.585
160.074
159.135
160.272
160.548
160.063
160.471
160.841
161.821
162.514
162.508
163.211
163.356
163.741
163.486
163.803
164.101
163.708
164.099
164.088
164.838
165.592
165.587
165.523
165.869
165.741
165.905
166.191
165.055
165.015
165.55
165.899
166.511
166.413
167.075
166.471
167.061
166.844
166.658
165.819
166.116
166.054
166.726
167.734
167.815
167.669
166.81
166.59
167.072
167.807
167.389
167.063
167.592
169.025
169.943
169.996
170.379
170.736
171.896
171.733
172.082
172.763
172.904
172.808
172.755
173.246
172.963
172.296
171.961
171.018
171.863
172.097
172.951
172.326
173.459
173.342
173.7
174.081
174.022
173.586
173.227
173.397
172.674
173.522
173.329
172.29
171.598
172.058
171.238
170.844
171.465
170.582
170.173
171.412
170.825
171.494
171.471
171.159
170.949
171.871
171.446
171.848
172.045
171.119
172.735
171.908
172.396
173.027
173.609
174.302
174.908
175.706
175.281
176.689
177.575
177.638
177.803
177.603
177.013
176.3
176.168
175.569
175.48
174.309
175.2
175.598
175.688
174.927
174.506
173.998
174.289
174.533
174.901
174.187
174.18
173.739
173.937
173.681
174.055
173.766
173.705
173.862
173.701
173.784
173.523
173.874
173.479
173.126
173.844
175.236
175.373
176.295
176.169
176.769
177.055
177.066
176.372
176.159
176.826
176.32
176.766
176.448
177.169
178.161
178.421
178.292
178.876
178.376
178.243
178.017
178.303
178.243
178.397
177.266
177.573
177.975
178.924
179.369
179.097
179.025
179.255
179.693
179.109
178.44
178.6
179.582
179.422
179.719
178.834
179.047
178.262
178.829
179.302
180.321
179.513
179.907
180.195
180.183
180.522
179.8
180.104
179.245
178.877
179.667
180.023
179.843
179.271
179.771
179.66
179.549
180.258
179.832
180.721
180.564
179.533
180.399
180.152
180.486
180.373
180.71
179.406
180.263
180.959
180.985
181.933
182.146
181.441
182.029
182.06
180.457
179.419
179.779
179.733
178.954
178.563
178.568
178.89
178.757
178.49
179.874
179.76
179.213
178.368
178.997
179.382
180.599
180.979
180.591
179.779
180.319
179.91
180.167
180.358
179.896
179.682
179.47
179.055
178.802
179.058
179.06
179.108
178.849
178.623
178.738
178.957
178.639
178.589
178.286
178.266
177.823
178.323
177.887
176.872
175.879
175.347
175.172
176.273
176.209
176.255
177.479
177.193
176.763
177.536
177.983
178.136
178.453
177.606
177.639
177.558
177.507
177.593
178.269
177.875
178.042
178.001
177.631
177.693
177.287
177.602
177.588
177.373
177.234
177.459
178.082
177.281
177.751
177.606
178.015
178.751
177.937
178.341
177.685
177.293
177.137
177.566
177.942
177.714
177.645
176.952
176.745
177.328
178.238
178.372
178.822
179.211
178.715
178.648
179.288
179.233
179.731
180.414
180.829
181.466
181.184
181.275
181.192
181.71
181.913
182.461
181.989
181.446
181.317
181.511
180.994
180.622
180.61
180.88
181.521
181.19
181.885
181.776
180.894
180.407
181.504
180.437
180.414
181.019
180.663
180.718
181.103
181.588
181.749
181.534
182.039
182.293
183.318
183.561
183.635
184.555
184.496
184.267
184.412
185.205
185.362
184.788
184.158
184.778
184.826
185.307
185.438
184.411
184.503
184.629
184.399
184.002
183.962
184.366
184.353
184.498
184.015
183.614
184.286
184.484
184.432
184.99
185.191
185.836
185.987
185.775
185.571
184.961
185.322
185.57
185.099
184.967
185.265
185.203
185.233
185.363
186.062
185.97
186.722
187.047
187.247
187.409
187.062
187.678
188.626
188.724
189.333
189.213
189.759
190.059
190.334
189.873
190.471
190.826
190.608
189.428
189.229
189.908
189.139
188.563
188.787
188.454
188.461
188.488
187.852
187.324
187.497
187.487
187.519
188.085
188.074
188.183
188.118
188.031
187.947
187.718
188.369
187.884
187.556
187.616
187.876
187.256
186.54
186.842
187.54
187.512
187.416
187.034
187.281
187.338
187.639
188.112
188.394
187.935
187.32
187.9
188.17
188.815
189.08
188.823
188.541
188.826
188.788
189.06
189.131
188.268
188.816
189.386
189.427
189.356
188.744
188.225
188.569
188.321
188.389
188.767
188.775
188.453
188.32
189.529
190.253
190.146
190.173
191.13
190.635
190.306
189.605
189.516
189.107
189.002
188.883
189.563
189.68
189.404
190.087
190.68
191.176
191.739
191.445
191.769
191.113
191.526
191.69
191.419
191.214
191.344
191.72
191.623
191.666
191.642
191.648
191.592
191.849
192.167
191.89
191.553
191.791
191.694
191.185
190.735
190.814
191.047
191.563
191.681
191.948
191.622
191.536
191.355
191.742
191.766
191.378
191.866
192.014
192.198
192.557
192.676
192.921
193.202
193.195
192.705
192.756
192.724
192.74
193.145
193.332
192.861
193.155
193.148
193.448
193.359
193.425
193.864
194.484
194.332
194.647
194.804
194.739
194.367
195.162
195.323
195.784
196.049
195.745
195.577
194.786
194.318
193.493
193.972
194.129
194.171
193.734
193.739
193.384
193.814
194.102
193.779
193.534
193.543
192.704
193.292
192.95
193.032
193.18
193.241
192.947
193.39
193.522
194.031
193.912
194.035
194.147
194.188
195.021
194.73
194.873
195.367
195.838
196.014
195.923
196.467
195.672
195.904
195.764
195.773
196.311
196.123
196.298
196.002
196.401
196.73
196.389
196.565
196.61
196.558
196.744
196.32
196.789
196.198
196.37
196.852
196.055
196.035
195.567
195.582
195.646
195.208
195.87
195.819
195.912
196.276
196.99
196.907
197.327
197.173
196.827
197.033
196.815
196.919
196.939
197.071
197.075
196.962
196.952
196.726
196.729
196.865
197.373
197.326
197.19
197.289
197.676
197.737
197.472
197.255
197.207
197.066
197.256
197.301
198.033
197.667
197.311
196.732
197.082
197.307
197.384
197.47
197.849
197.948
198.091
198.207
198.089
197.749
197.586
197.604
197.854
197.343
197.701
197.501
197.1
196.713
196.109
195.886
196.111
196.387
196.51
196.562
196.719
196.569
196.793
196.515
196.183
195.909
196.078
195.964
195.913
195.926
195.689
195.49
195.7
195.538
195.85
195.502
195.847
195.87
195.789
195.445
195.511
195.653
195.371
195.208
194.804
195.135
195.096
195.39
195.226
195.089
195.493
195.295
195.284
194.993
194.982
195.081
195.187
194.868
194.836
195.081
195.1
195.016
195.098
194.866
194.658
194.903
194.929
195.12
195.178
195.333
195.955
196.022
196.159
195.889
195.856
195.743
196.031
196.067
196.162
196.462
196.503
196.323
196.313
196.505
196.181
196.314
196.261
196.148
195.725
196.096
196.045
196.074
196.071
196.233
195.875
195.956
196.419
196.855
196.775
196.857
196.944
196.965
196.932
196.992
197.022
197.282
197.42
197.437
197.315
197.382
197.271
197.247
197.242
197.07
197.18
197.363
197.512
197.696
197.571
197.763
197.633
197.525
197.561
197.459
197.56
197.443
197.552
197.775
197.993
198.252
198.049
197.811
197.673
197.63
197.661
197.616
197.713
197.748
197.809
197.916
198.003
198.071
198.096
198.167
198.273
198.277
198.346
198.356
198.424
198.55
198.426
198.445
198.527
198.561
198.509
198.608
198.612
198.919
198.812
198.661
198.701
198.682
198.781
198.742
198.783
198.99
199.115
199.195
199.095
199.155
199.329
199.141
199.387
199.345
199.525
199.154
199.197
199.321
199.438
199.372
199.469
199.416
199.61
199.503
199.568
199.346
199.314
199.426
199.578
199.637
199.517
199.625
199.618
199.322
199.35
199.474
199.327
199.182
199.067
198.7
198.463
198.427
198.594
198.475
198.602
198.635
198.581
198.59
198.446
198.506
198.65
198.608
198.538
198.458
198.416
198.397
198.345
198.192
198.219
198.238
198.031
198.006
197.999
197.933
198.065
198.185
198.185
197.97
198.246
198.126
