1
1.01504
1.02456
1.02545
1.00789
1.01157
0.998907
1.00866
1.02706
1.01519
1.00182
0.996581
1.01065
1.02293
1.01807
1.03409
1.04189
1.0496
1.05319
1.0676
1.07674
1.10474
1.11601
1.09872
1.097
1.09794
1.09771
1.08678
1.09141
1.07996
1.0835
1.07812
1.08331
1.08404
1.08123
1.09164
1.0978
1.10534
1.11004
1.11245
1.11991
1.11305
1.13146
1.10982
1.14003
1.13144
1.12975
1.11555
1.12153
1.11053
1.10581
1.12415
1.10705
1.10551
1.11537
1.11039
1.12132
1.11853
1.08881
1.08998
1.0869
1.10483
1.11309
1.11431
1.11552
1.10758
1.08435
1.0753
1.08075
1.07362
1.0698
1.06632
1.09367
1.0791
1.0564
1.03522
1.04302
1.04966
1.05456
1.05472
1.03775
1.04349
1.04098
1.05807
1.06166
1.05024
1.0513
1.04716
1.02901
1.0363
1.03949
1.01996
1.02194
1.02549
1.02666
1.0302
1.03337
1.04178
1.0374
1.04709
1.04375
1.02748
1.0165
1.01155
1.00467
0.9968
0.995542
1.00895
1.00403
0.999573
0.989977
0.985198
0.964927
0.977578
0.974779
0.980955
0.991165
1.00122
0.985453
0.990095
0.989823
1.00526
0.997355
0.982602
1.00712
1.00393
1.00847
1.01103
1.00806
1.01527
1.00026
0.969266
0.969696
0.962586
0.95998
0.965619
0.956772
0.94343
0.949837
0.938548
0.939813
0.939991
0.928084
0.938938
0.941376
0.942221
0.963803
0.962512
0.973193
0.977203
0.979983
0.996307
1.00308
1.00755
1.00358
0.993723
1.01539
0.990129
0.986534
0.973773
0.957373
0.954125
0.94906
0.952844
0.954222
0.95527
0.949268
0.960624
0.936634
0.925638
0.936086
0.929197
0.91164
0.888756
0.885245
0.88332
0.872414
0.874327
0.875598
0.869671
0.878107
0.883972
0.873169
0.857659
0.860264
0.859669
0.851929
0.834723
0.840687
0.83517
0.839339
0.855307
0.854234
0.853624
0.850058
0.842212
0.859526
0.877696
0.882852
0.874829
0.883223
0.873326
0.865674
0.869286
0.883942
0.885033
0.88543
0.877806
0.888504
0.877656
0.859107
0.860913
0.877897
0.874184
0.868619
0.867908
0.851632
0.85435
0.855956
0.859326
0.847335
0.855368
0.844242
0.836337
0.84192
0.848203
0.839787
0.83553
0.838894
0.827829
0.825471
0.83055
0.846852
0.851649
0.867944
0.87222
0.873979
0.867958
0.863265
0.864127
0.881816
0.877826
0.876245
0.869419
0.863528
0.856415
0.849121
0.846028
0.852616
0.850572
0.852349
0.847366
0.860988
0.859225
0.867292
0.869258
0.87476
0.869337
0.867959
0.881861
0.88293
0.887166
0.902833
0.896737
0.910111
0.910469
0.900232
0.904648
0.909504
0.908855
0.916404
0.908409
0.918735
0.91964
0.926293
0.930032
0.926628
0.928176
0.939986
0.949485
0.941616
0.942785
0.951965
0.959076
0.959273
0.949156
0.94194
0.941736
0.933401
0.927365
0.917496
0.923991
0.930026
0.925721
0.929136
0.929209
0.910251
0.904583
0.905018
0.914941
0.906369
0.90914
0.912792
0.914708
0.92095
0.904773
0.909995
0.915874
0.911151
0.91264
0.908974
0.906004
0.918701
0.92105
0.932089
0.948907
0.957342
0.961962
0.978502
0.982513
0.98286
0.998833
0.998153
1.00706
1.01279
1.01164
0.995246
1.00163
1.01809
1.02541
1.03798
1.03147
1.0448
1.05507
1.05845
1.05948
1.07449
1.07601
1.07998
1.0677
1.06149
1.08268
1.07422
1.0772
1.06999
1.07385
1.07773
1.09889
1.09267
1.10484
1.09737
1.09597
1.07592
1.07517
1.07227
1.08621
1.09415
1.09397
1.1141
1.10646
1.12053
1.12157
1.1237
1.14711
1.13115
1.11822
1.11873
1.11208
1.10298
1.07379
1.07796
1.06838
1.05876
1.06997
1.06436
1.07399
1.04626
1.05821
1.06042
1.09087
1.08482
1.08202
1.08851
1.08311
1.07838
1.08386
1.0854
1.08197
1.07462
1.06918
1.06312
1.05556
1.05592
1.06614
1.05656
1.042
1.04907
1.04438
1.0514
1.05322
1.05738
1.05897
1.05536
1.05412
1.05418
1.06533
1.0549
1.02755
1.03506
1.02256
1.03958
1.05106
1.06269
1.05292
1.0411
1.04438
1.05266
1.05731
1.05635
1.06632
1.0486
1.04486
1.04478
1.05767
1.07009
1.08825
1.09641
1.10689
1.12317
1.10729
1.10948
1.12658
1.11511
1.1192
1.11409
1.11535
1.10987
1.11122
1.09856
1.09012
1.10105
1.11095
1.1227
1.14127
1.11423
1.12007
1.10404
1.10897
1.09534
1.10377
1.10264
1.07973
1.07055
1.07237
1.05838
1.06128
1.06113
1.06533
1.05263
1.07011
1.06913
1.08701
1.08361
1.08566
1.08108
1.08904
1.08308
1.08704
1.0903
1.09133
1.0687
1.07673
1.07666
1.07067
1.06596
1.07068
1.07852
1.07623
1.07733
1.09208
1.09444
1.09712
1.1099
1.12648
1.125
1.13035
1.1428
1.14744
1.13098
1.16163
1.16284
1.17057
1.17473
1.16575
1.16327
1.16935
1.17947
1.18867
1.17158
1.19121
1.21213
1.21709
1.20732
1.19603
1.19741
1.20973
1.21487
1.21197
1.18129
1.17718
1.17201
1.16777
1.17361
1.17313
1.17549
1.18101
1.17202
1.15733
1.16142
1.16364
1.17586
1.17474
1.15935
1.14539
1.14325
1.16464
1.17381
1.17667
1.14555
1.14299
1.14033
1.15824
1.14955
1.15939
1.1707
1.18198
1.18668
1.18847
1.18874
1.19814
1.18167
1.19739
1.18352
1.17995
1.19362
1.18736
1.19762
1.20876
1.21627
1.19254
1.19464
1.20345
1.20768
1.19704
1.21326
1.22641
1.23478
1.21764
1.2097
1.19986
1.20267
1.22738
1.22001
1.2263
1.21909
1.22451
1.21636
1.23952
1.24282
1.26038
1.24603
1.27327
1.29077
1.29905
1.28523
1.27382
1.25964
1.26422
1.25995
1.2647
1.28653
1.32088
1.32584
1.32187
1.3017
1.32605
1.33979
1.32787
1.33806
1.35256
1.35746
1.3327
1.3343
1.33384
1.36215
1.36164
1.3785
1.38527
1.36305
1.33878
1.3321
1.35712
1.35892
1.34814
1.36052
1.3521
1.34337
1.37481
1.37449
1.37287
1.37237
1.38912
1.40593
1.39497
1.3849
1.38248
1.3915
1.41912
1.41977
1.41226
1.39287
1.37846
1.35045
1.34805
1.34854
1.35996
1.35492
1.34199
1.35815
1.35815
1.36723
1.36957
1.36232
1.36663
1.3812
1.39375
1.3812
1.37508
1.38247
1.37132
1.37786
1.38395
1.38727
1.37661
1.37522
1.37913
1.38501
1.39623
1.38926
1.40355
1.39418
1.38304
1.39203
1.383
1.38456
1.37568
1.39674
1.3752
1.38889
1.3808
1.37506
1.37747
1.36355
1.37073
1.35041
1.35366
1.35805
1.34495
1.36626
1.34479
1.35583
1.33
1.31987
1.33032
1.35611
1.34241
1.35443
1.3476
1.34389
1.33595
1.33069
1.3361
1.35299
1.36802
1.35929
1.37353
1.36759
1.35038
1.35258
1.35711
1.32999
1.33165
1.32054
1.32814
1.32753
1.32984
1.3539
1.3731
1.36245
1.39249
1.39836
1.37797
1.37314
1.37051
1.38495
1.37716
1.38102
1.37746
1.38436
1.36948
1.36537
1.37315
1.37193
1.36544
1.34729
1.35346
1.34869
1.33758
1.3539
1.33967
1.35604
1.35425
1.36172
1.36587
1.37056
1.35868
1.35339
1.36381
1.37007
1.38584
1.37838
1.37748
1.39114
1.35155
1.3582
1.35198
1.36228
1.36829
1.38881
1.39241
1.38734
1.39032
1.37214
1.35681
1.37092
1.39492
1.40749
1.41023
1.4216
1.40368
1.40097
1.41067
1.41597
1.43474
1.45689
1.4667
1.45831
1.45971
1.48884
1.48915
1.50312
1.49702
1.49877
1.50288
1.48501
1.47109
1.46589
1.47619
1.50659
1.5295
1.52903
1.52758
1.54209
1.53918
1.54257
1.54932
1.57693
1.57159
1.58889
1.56903
1.57079
1.6005
1.59868
1.63602
1.61903
1.62193
1.64338
1.6366
1.65299
1.65525
1.65648
1.68068
1.66718
1.6798
1.69753
1.69423
1.70201
1.70632
1.67628
1.65365
1.66266
1.65228
1.67265
1.68824
1.68304
1.6828
1.71829
1.7047
1.71753
1.71206
1.72804
1.75244
1.74049
1.74645
1.73821
1.76567
1.7858
1.78405
1.74945
1.7512
1.80943
1.79114
1.78822
1.75938
1.72071
1.72106
1.7022
1.73269
1.71218
1.69113
1.68463
1.7046
1.69489
1.70554
1.70167
1.7339
1.70369
1.70775
1.7145
1.72813
1.70865
1.7565
1.74066
1.74679
1.74271
1.76506
1.77339
1.79656
1.82735
1.86655
1.87982
1.87774
1.87601
1.90304
1.92367
1.90128
1.91161
1.91175
1.93035
1.92353
1.91313
1.92482
1.90473
1.88636
1.88915
1.89374
1.91157
1.93808
1.94873
1.94985
1.9912
1.99243
1.98836
2.02689
2.05176
2.0753
2.05046
2.06148
2.04824
2.06871
2.07476
2.09887
2.09613
2.09579
2.1319
2.13714
2.09977
2.08162
2.08766
2.10899
2.09308
2.11697
2.13117
2.10977
2.10577
2.10447
2.11435
2.1168
2.09368
2.1342
2.14398
2.12895
2.12298
2.11832
2.11048
2.11408
2.11586
2.09754
2.1402
2.14744
2.12999
2.14891
2.12277
2.16735
2.12204
2.09903
2.09862
2.07023
2.06536
2.07934
2.07573
2.04995
2.05357
2.0552
2.03595
2.0726
2.07762
2.07207
2.09575
2.13198
2.11643
2.1488
2.16442
2.18717
2.18021
2.13839
2.18476
2.15643
2.15136
2.12744
2.14928
2.13321
2.11484
2.12528
2.14428
2.08656
2.05672
2.0796
2.08176
2.09081
2.15078
2.13423
2.13149
2.12778
2.13957
2.21264
2.20098
2.21114
2.23825
2.22809
2.22122
2.23943
2.2255
2.206
2.23622
2.2544
2.24709
2.2145
2.22604
2.25333
2.20776
2.2586
2.26318
2.2586
2.29622
2.26607
2.25636
2.25861
2.26028
2.29807
2.2594
2.25523
2.24034
2.28108
2.30479
2.29298
2.29788
2.32308
2.31499
2.28218
2.24602
2.22665
2.21669
2.1943
2.19414
2.19757
2.20418
2.22018
2.20396
2.22811
2.22218
2.25017
2.2291
2.26513
2.23763
2.24921
2.23484
2.19892
2.17515
2.16304
2.14124
2.12222
2.10417
2.11607
2.10431
2.10771
2.13407
2.13394
2.16667
2.19021
2.17503
2.16935
2.18739
2.20368
2.22718
2.258
2.23996
2.25261
2.2023
2.18656
2.16486
2.18668
2.20738
2.2039
2.22023
2.22949
2.20369
2.15625
2.15867
2.18591
2.2025
2.19099
2.2003
2.22325
2.19358
2.19716
2.18446
2.15728
2.18302
2.1957
2.20138
2.21627
2.20249
2.1831
2.16015
2.15992
2.17811
2.19305
2.21995
2.24157
2.23744
2.24206
2.24009
2.28697
2.28945
2.3302
2.30535
2.32483
2.32834
2.34604
2.32741
2.28703
2.28951
2.28918
2.27815
2.32051
2.29816
2.31826
2.38835
2.38934
2.35872
2.36982
2.35977
2.427
2.43604
2.42831
2.42231
2.44606
2.44374
2.44091
2.42993
2.39996
2.36452
2.39793
2.39408
2.41762
2.42656
2.42722
2.45676
2.49265
2.49263
2.52185
2.51124
2.51185
2.46302
2.48717
2.49242
2.47969
2.50441
2.46892
2.48606
2.46331
2.46587
2.4396
2.41229
2.42711
2.44101
2.44502
2.45187
2.44651
2.46025
2.5028
2.51804
2.49758
2.51601
2.53191
2.52181
2.58056
2.61225
2.64299
2.6552
2.66794
2.68763
2.70067
2.71599
2.72372
2.75028
2.73848
2.78904
2.7801
2.78222
2.7842
2.76283
2.8001
2.81771
2.89743
2.85568
2.8714
2.87115
2.87469
2.87232
2.88574
2.89622
2.88142
2.82896
2.86602
2.84187
2.79235
2.8062
2.77882
2.82732
2.86166
2.84934
2.81422
2.86528
2.89139
2.91318
2.92359
2.95325
2.91838
2.93662
2.88905
2.87341
2.87271
2.86785
2.87818
2.907
2.94083
2.92964
2.88223
2.93876
2.97154
2.94394
2.99706
2.95098
3.02394
3.01407
3.02993
3.01215
3.05752
3.06827
3.09297
3.11186
3.12085
3.10981
3.07475
3.04362
3.05001
3.06187
3.02838
3.02087
2.95369
2.93136
2.90067
2.90788
2.90735
2.82947
2.89152
2.8976
2.88678
2.90262
2.92965
2.98668
2.99457
3.00509
3.03437
3.03774
3.07325
3.03587
3.03853
3.04002
3.03619
3.0751
3.05693
3.09944
3.11723
3.13903
3.11599
3.13524
3.13773
3.16432
3.17604
3.12796
3.12893
3.15059
3.1656
3.19639
3.16535
3.16036
3.09635
3.09411
3.05256
3.05177
3.02169
3.03919
3.03868
3.0671
3.11079
3.10566
3.08951
3.02684
3.05001
3.06787
3.12901
3.08874
3.083
3.12133
3.18582
3.23647
3.24601
3.25488
3.2961
3.36892
3.35644
3.39871
3.42325
3.42525
3.45698
3.4504
3.49391
3.48001
3.41132
3.39239
3.3713
3.40785
3.45541
3.53429
3.49845
3.52486
3.50279
3.4991
3.50771
3.50212
3.51965
3.52747
3.53584
3.51963
3.54943
3.53879
3.4839
3.42169
3.44434
3.41891
3.38795
3.43989
3.38791
3.37538
3.46981
3.44837
3.48572
3.50025
3.47295
3.46898
3.52619
3.51043
3.51026
3.49167
3.4578
3.54053
3.46433
3.44712
3.49247
3.52706
3.56479
3.56817
3.58911
3.56208
3.63615
3.68073
3.70179
3.70523
3.70733
3.68676
3.63482
3.60877
3.57111
3.56018
3.48724
3.54007
3.56224
3.57635
3.5597
3.55706
3.52317
3.52906
3.49289
3.49647
3.45068
3.45896
3.43601
3.44587
3.43025
3.45059
3.44521
3.42342
3.42377
3.40743
3.41694
3.39134
3.40668
3.37046
3.34827
3.37686
3.45395
3.44866
3.47689
3.48736
3.5056
3.50931
3.47466
3.41957
3.40578
3.41462
3.39969
3.43487
3.41702
3.44024
3.52744
3.51333
3.4932
3.52018
3.4683
3.43655
3.44033
3.45306
3.44722
3.47066
3.4057
3.42457
3.45927
3.52937
3.56085
3.53215
3.5211
3.53127
3.57533
3.51269
3.49361
3.51448
3.58496
3.59478
3.62777
3.57649
3.59395
3.5303
3.54964
3.60179
3.6771
3.62519
3.63109
3.6333
3.64767
3.64163
3.62228
3.66042
3.58544
3.57534
3.58479
3.6376
3.59817
3.61275
3.62057
3.61486
3.59369
3.64852
3.63265
3.67481
3.65089
3.6161
3.66292
3.66224
3.6932
3.71035
3.76347
3.65723
3.72325
3.73345
3.75661
3.81301
3.80711
3.8
3.79102
3.81302
3.72192
3.64462
3.66258
3.65683
3.62173
3.55872
3.56489
3.56835
3.55112
3.53191
3.63183
3.63942
3.60666
3.54512
3.59135
3.61603
3.66002
3.69629
3.67972
3.64307
3.64401
3.64341
3.65083
3.64407
3.60448
3.58308
3.56595
3.55457
3.53857
3.57914
3.57781
3.59083
3.60761
3.59722
3.63019
3.64924
3.60603
3.61143
3.6218
3.60986
3.58367
3.60733
3.57871
3.49949
3.41101
3.38137
3.37846
3.43852
3.45653
3.47483
3.58984
3.56364
3.50471
3.57241
3.63018
3.65669
3.68406
3.61698
3.64143
3.60713
3.61147
3.60071
3.64678
3.63896
3.64933
3.63543
3.58974
3.57985
3.58701
3.63231
3.63122
3.60631
3.56858
3.61399
3.68808
3.5988
3.64024
3.65216
3.68472
3.72083
3.63619
3.66468
3.61746
3.56579
3.5597
3.59257
3.61778
3.60954
3.60132
3.5246
3.49809
3.5336
3.56996
3.59488
3.59536
3.61095
3.59273
3.6077
3.63921
3.64566
3.68779
3.74644
3.77407
3.80039
3.78848
3.77741
3.76233
3.81327
3.8182
3.82768
3.80354
3.79067
3.78639
3.81109
3.78808
3.7516
3.7398
3.7251
3.77819
3.75103
3.7838
3.76474
3.69212
3.66692
3.76384
3.70482
3.70481
3.73091
3.71622
3.72739
3.76139
3.81323
3.84628
3.80991
3.85127
3.8764
3.92542
3.9425
4.01175
4.06405
4.08499
4.06741
4.05656
4.12876
4.0853
4.02173
3.95991
3.96865
3.96304
4.00386
3.98668
3.93562
3.90299
3.94062
3.92356
3.88884
3.8761
3.90553
3.89123
3.93899
3.90478
3.88373
3.95734
4.03624
4.03785
4.08636
4.12238
4.20323
4.2135
4.18511
4.16139
4.07533
4.11574
4.14901
4.12024
4.08645
4.1186
4.13345
4.12674
4.12583
4.17933
4.15965
4.23247
4.3121
4.35361
4.35453
4.34055
4.43774
4.52665
4.52858
4.5973
4.53981
4.60184
4.64375
4.66906
4.67968
4.73958
4.80116
4.79903
4.68096
4.66473
4.7346
4.65934
4.57547
4.63076
4.59636
4.5975
4.60967
4.52766
4.47002
4.4963
4.47986
4.47763
4.53906
4.53501
4.56465
4.56062
4.55346
4.5618
4.53011
4.58113
4.54926
4.51604
4.49418
4.48934
4.4391
4.37737
4.39974
4.45904
4.47881
4.45159
4.41737
4.42686
4.41261
4.40977
4.43728
4.42305
4.36197
4.33314
4.39986
4.43796
4.46906
4.49442
4.47647
4.42397
4.46759
4.46218
4.48282
4.45208
4.35388
4.38965
4.39898
4.40725
4.37582
4.35478
4.32069
4.34604
4.28867
4.29235
4.31126
4.29489
4.23562
4.19252
4.30825
4.38067
4.38165
4.38811
4.47266
4.4269
4.35807
4.31603
4.31094
4.26852
4.27267
4.26403
4.29833
4.28282
4.2773
4.29396
4.25052
4.3317
4.36275
4.32656
4.36568
4.32696
4.36366
4.37495
4.3298
4.34434
4.37514
4.42408
4.38365
4.38177
4.40915
4.40836
4.39485
4.38786
4.40911
4.38195
4.38155
4.429
4.4626
4.41758
4.34993
4.36709
4.41863
4.41876
4.43511
4.45514
4.42207
4.41014
4.39519
4.45101
4.44945
4.41879
4.48774
4.52597
4.56899
4.61073
4.60012
4.63607
4.68524
4.63881
4.5635
4.60614
4.62018
4.58345
4.64435
4.65739
4.63719
4.6877
4.67221
4.73074
4.73113
4.7635
4.81149
4.89765
4.88048
4.87429
4.92131
4.91699
4.87217
4.95111
4.98984
5.04842
5.06879
5.07401
5.08088
4.98212
4.95156
4.87338
4.92256
4.93407
4.91904
4.8634
4.87386
4.82596
4.89829
4.93348
4.87454
4.82288
4.8237
4.65225
4.73594
4.67527
4.67479
4.66743
4.66008
4.60824
4.65384
4.59839
4.67732
4.61927
4.59587
4.60899
4.60115
4.72233
4.71045
4.71329
4.78837
4.82647
4.8456
4.86533
4.93853
4.84618
4.89166
4.87594
4.89646
4.9582
4.95433
4.9596
4.90506
4.98426
5.01786
4.95416
4.97364
4.9338
4.94578
4.96623
4.9042
4.94477
4.8889
4.90028
4.93403
4.84745
4.89376
4.85258
4.83471
4.83714
4.73753
4.78423
4.73429
4.70362
4.71268
4.78956
4.78853
4.83269
4.81709
4.72556
4.73431
4.72613
4.77709
4.78557
4.81793
4.82824
4.83021
4.81452
4.80027
4.81691
4.83995
4.89792
4.88945
4.85065
4.84863
4.92142
4.93534
4.91375
4.87339
4.88394
4.82077
4.82323
4.80981
4.93855
4.87948
4.85636
4.75485
4.79874
4.83358
4.87774
4.8893
4.92696
4.92791
4.95096
4.94974
4.9128
4.81281
4.77373
4.7399
4.80479
4.73065
4.7743
4.72648
4.69916
4.6177
4.5017
4.44179
4.47225
4.54172
4.54767
4.54399
4.55868
4.50877
4.47022
4.37634
4.2757
4.22113
4.24002
4.24366
4.23711
4.26362
4.24896
4.20365
4.26379
4.21412
4.26897
4.22527
4.28037
4.25473
4.25547
4.24234
4.19945
4.21929
4.15339
4.142
4.11894
4.19141
4.14966
4.18778
4.17502
4.11113
4.17777
4.15703
4.14384
4.1079
4.09644
4.13758
4.17045
4.10553
4.16487
4.20873
4.16891
4.15749
4.16331
4.08441
4.01804
4.06558
4.1014
4.12788
4.13144
4.19605
4.31781
4.28572
4.27889
4.19391
4.21918
4.19477
4.24611
4.27093
4.27977
4.3334
4.30945
4.22572
4.26648
4.28314
4.26383
4.27347
4.24481
4.2169
4.13237
4.16766
4.18518
4.19739
4.21412
4.23086
4.13631
4.11567
4.16173
4.21367
4.22698
4.254
4.33912
4.35543
4.34295
4.35943
4.39774
4.46603
4.51929
4.55107
4.52117
4.52395
4.44951
4.41565
4.39041
4.36538
4.40455
4.40874
4.44078
4.51013
4.46271
4.48631
4.42273
4.40547
4.42336
4.35975
4.38817
4.33054
4.35701
4.40994
4.47124
4.5374
4.48489
4.3929
4.34685
4.30039
4.26397
4.26121
4.29613
4.3164
4.35067
4.37382
4.35058
4.35362
4.35479
4.34929
4.39008
4.45074
4.4986
4.48557
4.47002
4.48143
4.43613
4.4495
4.44178
4.41875
4.42097
4.46814
4.40984
4.49545
4.46109
4.38236
4.38645
4.39698
4.42348
4.4163
4.43465
4.47684
4.51562
4.51645
4.47303
4.48746
4.57805
4.47742
4.50185
4.49606
4.52393
4.40542
4.44911
4.51391
4.55399
4.49917
4.4801
4.44899
4.50795
4.46575
4.44069
4.37545
4.42801
4.4749
4.50206
4.48713
4.4785
4.52353
4.56006
4.47626
4.46952
4.49955
4.51962
4.46789
4.45635
4.35624
4.27485
4.26668
4.26374
4.23027
4.28232
4.30964
4.30641
4.32183
4.2581
4.27971
4.34535
4.3185
4.24991
4.22974
4.23685
4.20768
4.21378
4.131
4.15653
4.153
4.09288
4.07026
4.08926
4.09379
4.0799
4.08798
4.09734
4.03338
4.07481
4.04927
