1
0.987225
0.991064
0.999626
1.00398
1.02243
1.01996
1.01292
1.006
1.01472
1.01459
1.00692
1.00865
1.01238
1.01038
1.01763
1.0314
1.03461
1.04071
1.05211
1.06442
1.07485
1.07825
1.07573
1.05457
1.06143
1.06778
1.07011
1.07065
1.0626
1.04709
1.04324
1.06133
1.0654
1.06117
1.06002
1.0552
1.04993
1.04012
1.05984
1.06243
1.05861
1.05775
1.04899
1.05419
1.0704
1.0629
1.04732
1.04569
1.0467
1.05714
1.06219
1.0756
1.0784
1.07814
1.0768
1.07623
1.07979
1.06668
1.07068
1.0676
1.0811
1.0873
1.09037
1.09721
1.11416
1.11124
1.10268
1.09557
1.08015
1.06207
1.05608
1.05647
1.04648
1.03464
1.03222
1.02721
1.03471
1.03453
1.04571
1.03851
1.03902
1.03381
1.03748
1.04709
1.05414
1.0531
1.05021
1.05268
1.05687
1.06446
1.04645
1.03971
1.04735
1.02875
1.02736
1.0197
1.02431
1.02213
1.03402
1.03801
1.03793
1.04189
1.04969
1.04354
1.05024
1.04693
1.05347
1.04405
1.03908
1.03459
1.04132
1.03733
1.0502
1.05227
1.05059
1.06254
1.07127
1.06715
1.0646
1.06245
1.08204
1.08284
1.08177
1.08519
1.07844
1.07051
1.07722
1.07143
1.08328
1.08285
1.08421
1.09206
1.10066
1.10439
1.10366
1.11429
1.1005
1.11369
1.11893
1.12265
1.10911
1.10842
1.10796
1.10362
1.10588
1.10781
1.10902
1.09821
1.09768
1.1061
1.10639
1.09074
1.09392
1.10128
1.09357
1.10807
1.11084
1.10861
1.11292
1.10327
1.10211
1.11694
1.12162
1.11392
1.11782
1.1338
1.14099
1.14931
1.14391
1.12982
1.12788
1.12155
1.12622
1.11678
1.11138
1.10522
1.09987
1.10063
1.0978
1.09309
1.09608
1.08319
1.07853
1.07158
1.0671
1.06629
1.05601
1.04963
1.05305
1.05381
1.06135
1.06448
1.06547
1.05883
1.04591
1.04522
1.07098
1.06499
1.06475
1.06006
1.05288
1.04912
1.05741
1.07244
1.08368
1.09268
1.09497
1.08796
1.09466
1.09033
1.08758
1.09024
1.09399
1.09055
1.09769
1.09075
1.10251
1.08978
1.09433
1.06832
1.07161
1.08676
1.08028
1.08893
1.07834
1.07064
1.07958
1.08307
1.07978
1.07068
1.07991
1.06202
1.05926
1.0592
1.04978
1.04467
1.05437
1.04227
1.03394
1.05185
1.03983
1.04964
1.03866
1.0201
1.02796
1.03274
1.03166
1.03884
1.04552
1.03978
1.03618
1.0386
1.041
1.03216
1.03109
1.05013
1.05807
1.04876
1.05453
1.06718
1.08296
1.09071
1.09562
1.11644
1.11927
1.11433
1.11981
1.11313
1.10595
1.10658
1.0997
1.08741
1.08915
1.09822
1.10471
1.09693
1.10638
1.09802
1.08496
1.09874
1.10379
1.09912
1.08994
1.09094
1.09286
1.08969
1.0867
1.08415
1.092
1.09003
1.09049
1.08467
1.09131
1.09433
1.09223
1.06965
1.07007
1.06669
1.0619
1.06552
1.06012
1.07085
1.08112
1.07614
1.07444
1.08404
1.07338
1.05971
1.06435
1.07147
1.07654
1.07459
1.07963
1.08692
1.1076
1.11386
1.1177
1.11876
1.1233
1.13475
1.14632
1.16249
1.17838
1.1696
1.16841
1.17119
1.15738
1.16038
1.17854
1.18128
1.20042
1.21067
1.21254
1.20224
1.2222
1.20855
1.20888
1.21441
1.21159
1.21059
1.22788
1.21254
1.20315
1.18859
1.19576
1.19454
1.19797
1.19363
1.19928
1.21179
1.21703
1.22886
1.233
1.23398
1.24594
1.23663
1.22941
1.22808
1.24011
1.24972
1.2393
1.22955
1.23836
1.22787
1.21411
1.21367
1.21631
1.21299
1.21785
1.20479
1.2004
1.21841
1.21184
1.20338
1.2169
1.20034
1.20682
1.19928
1.21253
1.2263
1.22322
1.22748
1.22037
1.21631
1.22316
1.24906
1.2478
1.2443
1.24394
1.25812
1.26917
1.26752
1.25369
1.2454
1.23965
1.27734
1.287
1.28319
1.27899
1.28441
1.26403
1.26233
1.26071
1.26815
1.26157
1.26294
1.2629
1.27538
1.26564
1.26344
1.26553
1.26107
1.2576
1.25553
1.26954
1.27437
1.27813
1.27864
1.28822
1.28589
1.27724
1.29517
1.28957
1.29788
1.28963
1.29361
1.31091
1.31132
1.29915
1.30209
1.29658
1.29487
1.28178
1.27682
1.28656
1.28063
1.27992
1.28777
1.30317
1.30862
1.29126
1.2947
1.29257
1.27577
1.26809
1.2875
1.27906
1.2865
1.29695
1.30848
1.31242
1.30789
1.31405
1.32271
1.33618
1.35064
1.35981
1.34446
1.35823
1.37604
1.39582
1.38721
1.39915
1.38645
1.39435
1.39662
1.40283
1.41043
1.41608
1.41588
1.42611
1.42533
1.44576
1.44184
1.44942
1.46186
1.49612
1.4763
1.47536
1.48532
1.48385
1.48719
1.51492
1.51729
1.54613
1.54575
1.56069
1.55707
1.56999
1.54
1.53551
1.53224
1.53972
1.54537
1.56505
1.57931
1.56934
1.58364
1.56805
1.58762
1.58888
1.58906
1.59134
1.60064
1.59439
1.60022
1.60283
1.58308
1.59014
1.60149
1.59648
1.59317
1.58766
1.5908
1.58971
1.5747
1.55992
1.53889
1.55224
1.57296
1.56165
1.54243
1.55655
1.56141
1.55941
1.56783
1.56476
1.5486
1.55565
1.57008
1.5842
1.59884
1.62652
1.63652
1.65288
1.66309
1.68396
1.7056
1.68504
1.67778
1.67983
1.65947
1.65283
1.64696
1.63387
1.62731
1.64033
1.62883
1.65163
1.66807
1.67641
1.6947
1.69465
1.7071
1.7129
1.71499
1.70134
1.69274
1.7014
1.71489
1.70906
1.72667
1.72827
1.73301
1.70971
1.7021
1.68968
1.69077
1.6913
1.67714
1.68053
1.68346
1.68699
1.69341
1.70837
1.70755
1.73058
1.73312
1.73128
1.72779
1.72869
1.75547
1.77396
1.78283
1.78608
1.80238
1.78479
1.77758
1.80502
1.8018
1.79143
1.79441
1.79791
1.80038
1.8075
1.81939
1.85339
1.82181
1.83225
1.83949
1.83141
1.82389
1.84735
1.85215
1.85789
1.86157
1.86968
1.88169
1.90397
1.92548
1.93598
1.95652
1.96377
1.9666
1.96075
1.95619
1.97273
1.97533
1.96081
1.96584
1.93922
1.94956
1.93505
1.97779
1.99717
1.96721
1.9551
1.97001
1.98433
1.99642
1.96514
1.95484
1.96365
1.94536
1.95571
1.94414
1.91847
1.93382
1.95104
1.92904
1.93928
1.94354
1.93297
1.90647
1.9128
1.91811
1.90732
1.8995
1.89945
1.90429
1.91716
1.92033
1.90447
1.90763
1.91133
1.91109
1.91275
1.90159
1.89314
1.90912
1.89555
1.91667
1.95328
1.95311
1.94672
1.94749
1.92319
1.89946
1.89683
1.89203
1.88909
1.86307
1.87544
1.86889
1.85542
1.86577
1.8525
1.86043
1.82609
1.8131
1.83064
1.85814
1.86108
1.88719
1.87721
1.88169
1.89141
1.91058
1.93111
1.92406
1.91253
1.90296
1.88255
1.88362
1.90239
1.90766
1.89427
1.87886
1.86934
1.87802
1.85366
1.85753
1.84738
1.84221
1.83744
1.88025
1.86269
1.85579
1.82903
1.84969
1.8424
1.83016
1.81113
1.82334
1.84441
1.8283
1.80972
1.81734
1.81562
1.82015
1.82806
1.82372
1.81661
1.80104
1.79411
1.77345
1.79955
1.77906
1.7648
1.76573
1.75174
1.73152
1.70571
1.70201
1.69332
1.68373
1.68228
1.70297
1.7182
1.71618
1.71387
1.71715
1.72698
1.73354
1.73454
1.7318
1.75715
1.77097
1.77255
1.76635
1.78317
1.77515
1.76565
1.74865
1.75149
1.76693
1.76529
1.78651
1.77539
1.76429
1.76791
1.80015
1.81264
1.81158
1.79779
1.79705
1.7872
1.80462
1.81404
1.82465
1.81599
1.80288
1.80486
1.84059
1.84776
1.83382
1.85123
1.84849
1.8716
1.8561
1.85839
1.86136
1.84939
1.85553
1.85146
1.86898
1.86552
1.87506
1.8968
1.91175
1.93086
1.90674
1.90987
1.90158
1.88171
1.88729
1.87629
1.85868
1.84733
1.85033
1.84221
1.86236
1.88109
1.89579
1.90915
1.90404
1.91448
1.90803
1.9052
1.92372
1.93938
1.94784
1.99242
1.98415
1.95415
1.96025
1.96346
1.94533
1.9487
1.96695
1.97496
1.96758
1.97679
1.96263
1.99
1.99592
1.97414
1.95762
1.94746
1.94484
1.93792
1.9207
1.91605
1.91225
1.90705
1.89476
1.91313
1.93463
1.91549
1.9259
1.93823
1.92863
1.92396
1.9314
1.94615
1.98165
1.97207
1.98807
1.95714
1.98521
1.99251
1.97883
1.98795
2.00472
1.97733
1.98903
1.98185
1.97625
1.98118
1.99196
2.00013
2.01493
2.03055
2.03918
2.05952
2.03726
2.06002
2.06615
2.06217
2.08317
2.07928
2.06464
2.08073
2.08804
2.08866
2.07557
2.08912
2.08345
2.09072
2.08917
2.1138
2.11324
2.11204
2.10504
2.09996
2.06969
2.0616
2.09139
2.09368
2.03987
2.06795
2.05931
2.03997
2.03781
2.02739
2.08189
2.08182
2.07016
2.07612
2.10018
2.08912
2.09965
2.10879
2.11579
2.10983
2.09197
2.09385
2.11295
2.1328
2.13307
2.1385
2.14869
2.15528
2.15316
2.17133
2.16677
2.13643
2.12082
2.08893
2.10258
2.09605
2.08356
2.09762
2.07796
2.07368
2.09637
2.08991
2.10916
2.11849
2.15259
2.16902
2.15296
2.17631
2.15872
2.15589
2.14522
2.14804
2.15752
2.15253
2.14274
2.16678
2.15696
2.14508
2.17665
2.185
2.14969
2.16818
2.16037
2.17018
2.17612
2.15869
2.15409
2.15276
2.1699
2.16527
2.1651
2.17778
2.17066
2.16863
2.19813
2.19334
2.19994
2.20269
2.22175
2.23946
2.25206
2.23132
2.23789
2.25301
2.22875
2.21351
2.21636
2.21428
2.24531
2.24673
2.24585
2.25739
2.26392
2.26118
2.2659
2.25715
2.26511
2.29986
2.30845
2.30465
2.29924
2.31334
2.31505
2.3232
2.32483
2.31415
2.30364
2.30524
2.30822
2.31491
2.33835
2.35033
2.32506
2.32633
2.34788
2.33212
2.31019
2.3216
2.30199
2.32027
2.33693
2.30067
2.29013
2.24776
2.24379
2.22712
2.22879
2.23728
2.24462
2.24379
2.24331
2.22048
2.2038
2.19369
2.19634
2.20169
2.21178
2.19041
2.17494
2.14643
2.10387
2.08098
2.05785
2.02933
2.02759
2.03081
2.06002
2.05646
2.07559
2.06884
2.0641
2.0502
2.05396
2.06584
2.06785
2.07459
2.06781
2.06544
2.06181
2.0737
2.06511
2.05085
2.07197
2.05524
2.05256
2.03221
2.0122
2.00816
2.00511
1.98955
2.02533
2.05219
2.0353
2.03008
2.04548
2.05157
2.03563
2.08437
2.12966
2.12787
2.11574
2.13118
2.13952
2.13212
2.12023
2.08284
2.11004
2.12869
2.15387
2.20176
2.20488
2.2336
2.2439
2.25683
2.24496
2.2487
2.21113
2.23111
2.24467
2.27966
2.29719
2.31551
2.3313
2.31782
2.30847
2.3148
2.31824
2.33233
2.32046
2.33356
2.33165
2.34924
2.37437
2.38914
2.41462
2.41805
2.42638
2.44791
2.44348
2.45952
2.43327
2.43304
2.42633
2.40248
2.41848
2.40595
2.42898
2.43987
2.47271
2.48255
2.48761
2.53218
2.52425
2.51718
2.52148
2.51525
2.50753
2.48866
2.48198
2.50859
2.50907
2.54075
2.56978
2.5642
2.56556
2.59635
2.58983
2.60182
2.59192
2.57391
2.56302
2.56367
2.57216
2.59195
2.61553
2.63656
2.61255
2.61952
2.63197
2.66661
2.69765
2.69019
2.6937
2.70812
2.70554
2.71081
2.69194
2.6987
2.71622
2.67778
2.71666
2.71263
2.69278
2.69852
2.72148
2.73949
2.70278
2.69825
2.72304
2.70303
2.70194
2.67638
2.73045
2.7314
2.74067
2.71089
2.68458
2.67879
2.6872
2.71015
2.71502
2.75895
2.75297
2.72059
2.73658
2.73262
2.69367
2.70335
2.71898
2.75413
2.77185
2.76164
2.76137
2.79386
2.82027
2.80845
2.78698
2.83538
2.80182
2.7914
2.83575
2.82901
2.87827
2.88228
2.83733
2.79845
2.7759
2.80011
2.816
2.81784
2.80875
2.83553
2.8675
2.84009
2.84426
2.85794
2.89752
2.94944
2.96801
2.98034
2.98783
2.96603
2.95049
2.97832
2.98998
2.95798
2.93405
2.95871
2.96447
2.97628
2.9336
2.94466
2.94526
2.9432
2.96154
2.96135
2.94676
2.941
2.9585
2.9875
3.01663
3.02142
3.05594
3.05602
3.08743
3.12012
3.08713
3.06116
3.0625
3.0572
3.06061
3.07929
3.09565
3.10139
3.076
3.00555
2.99292
2.97488
2.97591
2.94003
2.95428
3.00876
3.0147
3.02528
3.06197
3.01136
3.03679
3.06085
3.06961
3.10659
3.11187
3.08636
3.07187
3.0714
3.05357
3.09062
3.0738
3.06667
3.08279
3.03864
3.03783
3.02952
3.09719
3.11624
3.17113
3.18065
3.1901
3.17268
3.16163
3.13103
3.08837
3.12779
3.10855
3.06957
3.10728
3.12233
3.10855
3.10664
3.10616
3.08763
3.03142
3.04334
3.01125
3.00205
2.99132
2.96927
2.96961
2.95892
2.93051
2.95273
2.97963
2.95702
2.99467
3.00851
3.0474
3.0476
3.04795
3.06138
3.09119
3.14032
3.13548
3.18794
3.2175
3.22088
3.23189
3.2097
3.19224
3.19629
3.19614
3.19475
3.20476
3.14414
3.1704
3.17704
3.17244
3.10531
3.05786
3.02933
3.05852
3.10575
3.13589
3.10605
3.12115
3.09901
3.12819
3.14046
3.15634
3.17729
3.17675
3.19168
3.18721
3.14844
3.14413
3.14757
3.15385
3.131
3.18026
3.24916
3.25558
3.28832
3.27998
3.3173
3.33835
3.39341
3.35492
3.36135
3.38424
3.35222
3.36035
3.35021
3.4001
3.42256
3.43537
3.45153
3.49331
3.48888
3.48463
3.43203
3.43408
3.44761
3.42421
3.3706
3.35832
3.34599
3.36476
3.37944
3.3729
3.37314
3.36205
3.34516
3.35219
3.30695
3.31575
3.33163
3.3267
3.33556
3.30879
3.33403
3.3238
3.35769
3.31012
3.31978
3.31099
3.32028
3.31555
3.30207
3.31211
3.28248
3.26492
3.27686
3.25772
3.3173
3.33302
3.33805
3.27802
3.28169
3.26304
3.24524
3.27261
3.24178
3.30476
3.33872
3.31472
3.35086
3.34375
3.35303
3.35976
3.32847
3.29571
3.30077
3.34954
3.34249
3.383
3.42126
3.39123
3.41284
3.38159
3.36071
3.35771
3.39211
3.39689
3.363
3.37052
3.3696
3.37987
3.3852
3.37973
3.40688
3.42504
3.41963
3.40024
3.44548
3.46596
3.51147
3.47525
3.43795
3.42069
3.4529
3.43105
3.4443
3.44329
3.42451
3.44459
3.46511
3.43406
3.43651
3.40093
3.39836
3.39262
3.35207
3.37167
3.34592
3.33008
3.34451
3.32184
3.29092
3.27975
3.2332
3.27201
3.24435
3.21592
3.17473
3.12474
3.12429
3.14172
3.12574
3.13154
3.16325
3.16883
3.17533
3.15313
3.18557
3.18709
3.16746
3.15563
3.1372
3.12136
3.09096
3.12161
3.15083
3.13358
3.14702
3.14589
3.11886
3.13224
3.10891
3.08748
3.09017
3.08436
3.12036
3.09377
3.09217
3.07498
3.10266
3.07392
3.10002
3.12909
3.12698
3.15097
3.13646
3.15686
3.15648
3.19607
3.21452
3.22762
3.23079
3.25194
3.25521
3.2996
3.367
3.34382
3.37607
3.36021
3.32308
3.29977
3.32714
3.30969
3.32013
3.32453
3.32138
3.33212
3.30795
3.29788
3.30126
3.27206
3.28907
3.38878
3.36332
3.30594
3.28248
3.29837
3.26728
3.25949
3.26209
3.30942
3.33844
3.33203
3.34239
3.33712
3.33151
3.31515
3.34806
3.29875
3.28857
3.31429
3.30061
3.30167
3.29147
3.30849
3.32766
3.3487
3.37112
3.39049
3.45029
3.49503
3.45429
3.48345
3.44761
3.39364
3.38536
3.37836
3.41934
3.41473
3.41552
3.43414
3.40934
3.39042
3.40274
3.38156
3.4103
3.37454
3.31776
3.34473
3.31207
3.34055
3.36359
3.33194
3.305
3.29808
3.30601
3.32689
3.31904
3.33172
3.32163
3.3265
3.30512
3.31335
3.29265
3.24912
3.26265
3.28433
3.25886
3.28178
3.2888
3.29309
3.29929
3.3148
3.32244
3.3246
3.33738
3.29458
3.24758
3.27994
3.25047
3.24559
3.27016
3.24773
3.26235
3.29376
3.33644
3.33157
3.32978
3.30235
3.35308
3.35273
3.35016
3.32191
3.26025
3.28216
3.2296
3.2518
3.23526
3.24818
3.23048
3.26566
3.25571
3.24002
3.21638
3.23305
3.23944
3.24893
3.23894
3.20646
3.21636
3.21322
3.17511
3.16582
3.18162
3.15462
3.15688
3.17593
3.20132
3.19009
3.18306
3.18196
3.22942
3.22015
3.22492
3.2188
3.24675
3.257
3.27486
3.30972
3.33167
3.33056
3.29132
3.32149
3.31485
3.37668
3.41752
3.43063
3.46615
3.45503
3.48927
3.50509
3.5099
3.48698
3.49252
3.53441
3.54442
3.58778
3.50856
3.50468
3.5292
3.57855
3.55972
3.5783
3.56481
3.56231
3.5784
3.59486
3.60745
3.58993
3.58934
3.63323
3.61126
3.62627
3.58613
3.56427
3.57166
3.55531
3.54581
3.58299
3.59939
3.58337
3.63936
3.75927
3.78348
3.76297
3.74715
3.7716
3.73955
3.77612
3.81212
3.80741
3.78536
3.76731
3.81984
3.81501
3.81859
3.8058
3.78125
3.80941
3.87634
3.9196
3.90103
3.84809
3.85935
3.83459
3.79896
3.80732
3.78956
3.81563
3.85606
3.86953
3.92853
3.87417
3.85354
3.83179
3.82557
3.8489
3.85208
3.8356
3.82995
3.85163
3.89228
3.90164
3.91305
3.91548
3.93704
3.89545
3.90174
3.88175
3.88998
3.90984
3.92911
3.91087
3.90067
3.87215
3.84267
3.87181
3.82196
3.79984
3.80229
3.79729
3.82772
3.84784
3.89693
3.843
3.87867
3.864
3.85743
3.91356
3.9288
3.91305
3.87587
3.84035
3.7778
3.80962
3.83787
3.87732
3.84622
3.85731
3.8425
3.87319
3.869
3.81703
3.79441
3.76967
3.75711
3.74674
3.7401
3.72062
3.74627
3.75968
3.71901
3.74117
3.76392
3.7515
3.77633
3.78604
3.78478
3.77371
3.82845
3.81447
3.86143
3.88814
3.93617
3.94868
3.8928
3.94141
3.94607
3.9421
3.96874
3.95242
4.01199
4.03444
4.05439
4.0449
4.05442
4.11416
4.10705
4.1465
4.19356
4.14837
4.15377
4.11435
4.12831
4.1291
4.13628
4.20815
4.16845
4.13167
4.06959
4.11017
4.10417
4.13517
4.17709
4.15407
4.22821
4.23877
4.27262
4.28882
4.38775
4.36396
4.3399
4.33718
4.29202
4.27668
4.28213
4.28324
4.29758
4.29243
4.32166
4.27658
4.26434
4.30023
4.33785
4.3255
4.36021
4.4216
4.40596
4.36321
4.32619
4.30001
4.31496
4.33187
4.3805
4.43847
4.47725
4.48027
4.45171
4.41634
4.45163
4.49667
4.51292
4.50835
4.57659
4.57654
4.60117
4.62813
4.62801
4.66824
4.67031
4.73597
4.71583
4.68099
4.71878
4.7296
4.6691
4.66842
4.62079
4.62004
4.70312
4.67422
4.71974
4.74563
4.7678
4.80522
4.92763
4.93286
4.95417
4.93436
4.94438
4.91196
4.92584
4.9038
4.85917
4.88308
4.86353
4.89757
5.00068
4.96291
4.99815
4.98215
4.9361
4.84572
4.91369
4.96257
4.98433
4.93227
4.87569
4.89541
4.92994
4.98597
4.95878
4.95597
4.98124
4.95589
4.94136
4.88751
4.9165
4.93457
4.93021
4.90756
4.84761
4.83715
4.87488
4.87937
4.89246
4.901
4.90725
4.95016
4.92472
4.9411
4.97994
4.96882
5.01412
5.0255
5.0857
5.09162
5.04125
5.05574
5.12484
5.11003
5.06942
5.07837
5.14575
5.2083
5.20086
5.24667
5.16554
5.15189
5.19096
5.14295
5.10638
5.17755
5.11078
5.1168
5.12716
5.15971
5.09589
5.15299
5.19792
5.25302
5.24488
5.2694
5.21573
5.23331
5.25635
5.28114
5.28124
5.33638
5.39087
5.37426
5.35656
5.40684
5.4069
5.46441
5.50761
5.38463
5.37288
5.50263
5.52686
5.5748
5.54191
5.66159
5.64116
5.57267
5.56591
5.5764
5.5882
5.5746
5.63025
5.62357
5.65453
5.68403
5.63991
5.63361
5.66525
5.7025
5.7778
5.73934
5.75189
5.77851
5.79402
5.82498
5.90295
5.85469
5.84977
5.846
5.87301
5.80818
5.8115
5.81193
5.92041
5.91732
5.9567
5.92497
6.00491
6.11409
6.05382
6.07993
6.11943
6.20418
6.19489
6.17813
6.15994
6.12072
6.16391
6.15178
6.15509
6.2554
6.27381
6.29479
6.32363
6.34233
6.36
6.41381
6.51569
6.50405
6.56647
6.45716
6.40125
6.42107
6.44816
6.49385
6.61594
6.5737
6.60052
6.56022
6.57896
6.52052
6.48104
6.53136
6.56725
6.5396
6.51885
6.49378
6.49687
6.46275
6.41318
6.40065
6.29452
6.25547
6.20822
6.09807
6.06566
6.05221
6.11128
6.08079
6.12932
6.1377
6.10394
6.0805
6.13194
6.15254
6.12452
6.11763
6.13373
6.08304
6.10498
6.14059
6.13148
6.1336
6.10485
6.10731
6.0503
6.05376
6.0041
5.98575
6.05899
6.13691
6.19424
6.15984
6.2409
6.19003
