0
0.00378788
0.00757576
0.0113636
0.0151515
0.0189394
0.0227273
0.0265152
0.030303
0.0340909
0.0378788
0.0416667
0.0454545
0.0492424
0.0530303
0.0568182
0.0606061
0.0643939
0.0681818
0.0719697
0.0757576
0.0795455
0.0833333
0.0871212
0.0909091
0.094697
0.0984848
0.102273
0.106061
0.109848
0.113636
0.117424
0.121212
0.125
0.128788
0.132576
0.136364
0.140152
0.143939
0.147727
0.151515
0.155303
0.159091
0.162879
0.166667
0.170455
0.174242
0.17803
0.181818
0.185606
0.189394
0.193182
0.19697
0.200758
0.204545
0.208333
0.212121
0.215909
0.219697
0.223485
0.227273
0.231061
0.234848
0.238636
0.242424
0.246212
0.25
0.253788
0.257576
0.261364
0.265152
0.268939
0.272727
0.276515
0.280303
0.284091
0.287879
0.291667
0.295455
0.299242
0.30303
0.306818
0.310606
0.314394
0.318182
0.32197
0.325758
0.329545
0.333333
0.337121
0.340909
0.344697
0.348485
0.352273
0.356061
0.359848
0.363636
0.367424
0.371212
0.375
0.378788
0.382576
0.386364
0.390152
0.393939
0.397727
0.401515
0.405303
0.409091
0.412879
0.416667
0.420455
0.424242
0.42803
0.431818
0.435606
0.439394
0.443182
0.44697
0.450758
0.454545
0.458333
0.462121
0.465909
0.469697
0.473485
0.477273
0.481061
0.484848
0.488636
0.492424
0.496212
0.5
0.503788
0.507576
0.511364
0.515152
0.518939
0.522727
0.526515
0.530303
0.534091
0.537879
0.541667
0.545455
0.549242
0.55303
0.556818
0.560606
0.564394
0.568182
0.57197
0.575758
0.579545
0.583333
0.587121
0.590909
0.594697
0.598485
0.602273
0.606061
0.609848
0.613636
0.617424
0.621212
0.625
0.628788
0.632576
0.636364
0.640152
0.643939
0.647727
0.651515
0.655303
0.659091
0.662879
0.666667
0.670455
0.674242
0.67803
0.681818
0.685606
0.689394
0.693182
0.69697
0.700758
0.704545
0.708333
0.712121
0.715909
0.719697
0.723485
0.727273
0.731061
0.734848
0.738636
0.742424
0.746212
0.75
0.753788
0.757576
0.761364
0.765152
0.768939
0.772727
0.776515
0.780303
0.784091
0.787879
0.791667
0.795455
0.799242
0.80303
0.806818
0.810606
0.814394
0.818182
0.82197
0.825758
0.829545
0.833333
0.837121
0.840909
0.844697
0.848485
0.852273
0.856061
0.859848
0.863636
0.867424
0.871212
0.875
0.878788
0.882576
0.886364
0.890152
0.893939
0.897727
0.901515
0.905303
0.909091
0.912879
0.916667
0.920455
0.924242
0.92803
0.931818
0.935606
0.939394
0.943182
0.94697
0.950758
0.954545
0.958333
0.962121
0.965909
0.969697
0.973485
0.977273
0.981061
0.984848
0.988636
0.992424
0.996212
1
1.00379
1.00758
1.01136
1.01515
1.01894
1.02273
1.02652
1.0303
1.03409
1.03788
1.04167
1.04545
1.04924
1.05303
1.05682
1.06061
1.06439
1.06818
1.07197
1.07576
1.07955
1.08333
1.08712
1.09091
1.0947
1.09848
1.10227
1.10606
1.10985
1.11364
1.11742
1.12121
1.125
1.12879
1.13258
1.13636
1.14015
1.14394
1.14773
1.15152
1.1553
1.15909
1.16288
1.16667
1.17045
1.17424
1.17803
1.18182
1.18561
1.18939
1.19318
1.19697
1.20076
1.20455
1.20833
1.21212
1.21591
1.2197
1.22348
1.22727
1.23106
1.23485
1.23864
1.24242
1.24621
1.25
1.25379
1.25758
1.26136
1.26515
1.26894
1.27273
1.27652
1.2803
1.28409
1.28788
1.29167
1.29545
1.29924
1.30303
1.30682
1.31061
1.31439
1.31818
1.32197
1.32576
1.32955
1.33333
1.33712
1.34091
1.3447
1.34848
1.35227
1.35606
1.35985
1.36364
1.36742
1.37121
1.375
1.37879
1.38258
1.38636
1.39015
1.39394
1.39773
1.40152
1.4053
1.40909
1.41288
1.41667
1.42045
1.42424
1.42803
1.43182
1.43561
1.43939
1.44318
1.44697
1.45076
1.45455
1.45833
1.46212
1.46591
1.4697
1.47348
1.47727
1.48106
1.48485
1.48864
1.49242
1.49621
1.5
1.50379
1.50758
1.51136
1.51515
1.51894
1.52273
1.52652
1.5303
1.53409
1.53788
1.54167
1.54545
1.54924
1.55303
1.55682
1.56061
1.56439
1.56818
1.57197
1.57576
1.57955
1.58333
1.58712
1.59091
1.5947
1.59848
1.60227
1.60606
1.60985
1.61364
1.61742
1.62121
1.625
1.62879
1.63258
1.63636
1.64015
1.64394
1.64773
1.65152
1.6553
1.65909
1.66288
1.66667
1.67045
1.67424
1.67803
1.68182
1.68561
1.68939
1.69318
1.69697
1.70076
1.70455
1.70833
1.71212
1.71591
1.7197
1.72348
1.72727
1.73106
1.73485
1.73864
1.74242
1.74621
1.75
1.75379
1.75758
1.76136
1.76515
1.76894
1.77273
1.77652
1.7803
1.78409
1.78788
1.79167
1.79545
1.79924
1.80303
1.80682
1.81061
1.81439
1.81818
1.82197
1.82576
1.82955
1.83333
1.83712
1.84091
1.8447
1.84848
1.85227
1.85606
1.85985
1.86364
1.86742
1.87121
1.875
1.87879
1.88258
1.88636
1.89015
1.89394
1.89773
1.90152
1.9053
1.90909
1.91288
1.91667
1.92045
1.92424
1.92803
1.93182
1.93561
1.93939
1.94318
1.94697
1.95076
1.95455
1.95833
1.96212
1.96591
1.9697
1.97348
1.97727
1.98106
1.98485
1.98864
1.99242
1.99621
2
2.00379
2.00758
2.01136
2.01515
2.01894
2.02273
2.02652
2.0303
2.03409
2.03788
2.04167
2.04545
2.04924
2.05303
2.05682
2.06061
2.06439
2.06818
2.07197
2.07576
2.07955
2.08333
2.08712
2.09091
2.0947
2.09848
2.10227
2.10606
2.10985
2.11364
2.11742
2.12121
2.125
2.12879
2.13258
2.13636
2.14015
2.14394
2.14773
2.15152
2.1553
2.15909
2.16288
2.16667
2.17045
2.17424
2.17803
2.18182
2.18561
2.18939
2.19318
2.19697
2.20076
2.20455
2.20833
2.21212
2.21591
2.2197
2.22348
2.22727
2.23106
2.23485
2.23864
2.24242
2.24621
2.25
2.25379
2.25758
2.26136
2.26515
2.26894
2.27273
2.27652
2.2803
2.28409
2.28788
2.29167
2.29545
2.29924
2.30303
2.30682
2.31061
2.31439
2.31818
2.32197
2.32576
2.32955
2.33333
2.33712
2.34091
2.3447
2.34848
2.35227
2.35606
2.35985
2.36364
2.36742
2.37121
2.375
2.37879
2.38258
2.38636
2.39015
2.39394
2.39773
2.40152
2.4053
2.40909
2.41288
2.41667
2.42045
2.42424
2.42803
2.43182
2.43561
2.43939
2.44318
2.44697
2.45076
2.45455
2.45833
2.46212
2.46591
2.4697
2.47348
2.47727
2.48106
2.48485
2.48864
2.49242
2.49621
2.5
2.50379
2.50758
2.51136
2.51515
2.51894
2.52273
2.52652
2.5303
2.53409
2.53788
2.54167
2.54545
2.54924
2.55303
2.55682
2.56061
2.56439
2.56818
2.57197
2.57576
2.57955
2.58333
2.58712
2.59091
2.5947
2.59848
2.60227
2.60606
2.60985
2.61364
2.61742
2.62121
2.625
2.62879
2.63258
2.63636
2.64015
2.64394
2.64773
2.65152
2.6553
2.65909
2.66288
2.66667
2.67045
2.67424
2.67803
2.68182
2.68561
2.68939
2.69318
2.69697
2.70076
2.70455
2.70833
2.71212
2.71591
2.7197
2.72348
2.72727
2.73106
2.73485
2.73864
2.74242
2.74621
2.75
2.75379
2.75758
2.76136
2.76515
2.76894
2.77273
2.77652
2.7803
2.78409
2.78788
2.79167
2.79545
2.79924
2.80303
2.80682
2.81061
2.81439
2.81818
2.82197
2.82576
2.82955
2.83333
2.83712
2.84091
2.8447
2.84848
2.85227
2.85606
2.85985
2.86364
2.86742
2.87121
2.875
2.87879
2.88258
2.88636
2.89015
2.89394
2.89773
2.90152
2.9053
2.90909
2.91288
2.91667
2.92045
2.92424
2.92803
2.93182
2.93561
2.93939
2.94318
2.94697
2.95076
2.95455
2.95833
2.96212
2.96591
2.9697
2.97348
2.97727
2.98106
2.98485
2.98864
2.99242
2.99621
3
3.00379
3.00758
3.01136
3.01515
3.01894
3.02273
3.02652
3.0303
3.03409
3.03788
3.04167
3.04545
3.04924
3.05303
3.05682
3.06061
3.06439
3.06818
3.07197
3.07576
3.07955
3.08333
3.08712
3.09091
3.0947
3.09848
3.10227
3.10606
3.10985
3.11364
3.11742
3.12121
3.125
3.12879
3.13258
3.13636
3.14015
3.14394
3.14773
3.15152
3.1553
3.15909
3.16288
3.16667
3.17045
3.17424
3.17803
3.18182
3.18561
3.18939
3.19318
3.19697
3.20076
3.20455
3.20833
3.21212
3.21591
3.2197
3.22348
3.22727
3.23106
3.23485
3.23864
3.24242
3.24621
3.25
3.25379
3.25758
3.26136
3.26515
3.26894
3.27273
3.27652
3.2803
3.28409
3.28788
3.29167
3.29545
3.29924
3.30303
3.30682
3.31061
3.31439
3.31818
3.32197
3.32576
3.32955
3.33333
3.33712
3.34091
3.3447
3.34848
3.35227
3.35606
3.35985
3.36364
3.36742
3.37121
3.375
3.37879
3.38258
3.38636
3.39015
3.39394
3.39773
3.40152
3.4053
3.40909
3.41288
3.41667
3.42045
3.42424
3.42803
3.43182
3.43561
3.43939
3.44318
3.44697
3.45076
3.45455
3.45833
3.46212
3.46591
3.4697
3.47348
3.47727
3.48106
3.48485
3.48864
3.49242
3.49621
3.5
3.50379
3.50758
3.51136
3.51515
3.51894
3.52273
3.52652
3.5303
3.53409
3.53788
3.54167
3.54545
3.54924
3.55303
3.55682
3.56061
3.56439
3.56818
3.57197
3.57576
3.57955
3.58333
3.58712
3.59091
3.5947
3.59848
3.60227
3.60606
3.60985
3.61364
3.61742
3.62121
3.625
3.62879
3.63258
3.63636
3.64015
3.64394
3.64773
3.65152
3.6553
3.65909
3.66288
3.66667
3.67045
3.67424
3.67803
3.68182
3.68561
3.68939
3.69318
3.69697
3.70076
3.70455
3.70833
3.71212
3.71591
3.7197
3.72348
3.72727
3.73106
3.73485
3.73864
3.74242
3.74621
3.75
3.75379
3.75758
3.76136
3.76515
3.76894
3.77273
3.77652
3.7803
3.78409
3.78788
3.79167
3.79545
3.79924
3.80303
3.80682
3.81061
3.81439
3.81818
3.82197
3.82576
3.82955
3.83333
3.83712
3.84091
3.8447
3.84848
3.85227
3.85606
3.85985
3.86364
3.86742
3.87121
3.875
3.87879
3.88258
3.88636
3.89015
3.89394
3.89773
3.90152
3.9053
3.90909
3.91288
3.91667
3.92045
3.92424
3.92803
3.93182
3.93561
3.93939
3.94318
3.94697
3.95076
3.95455
3.95833
3.96212
3.96591
3.9697
3.97348
3.97727
3.98106
3.98485
3.98864
3.99242
3.99621
4
4.00379
4.00758
4.01136
4.01515
4.01894
4.02273
4.02652
4.0303
4.03409
4.03788
4.04167
4.04545
4.04924
4.05303
4.05682
4.06061
4.06439
4.06818
4.07197
4.07576
4.07955
4.08333
4.08712
4.09091
4.0947
4.09848
4.10227
4.10606
4.10985
4.11364
4.11742
4.12121
4.125
4.12879
4.13258
4.13636
4.14015
4.14394
4.14773
4.15152
4.1553
4.15909
4.16288
4.16667
4.17045
4.17424
4.17803
4.18182
4.18561
4.18939
4.19318
4.19697
4.20076
4.20455
4.20833
4.21212
4.21591
4.2197
4.22348
4.22727
4.23106
4.23485
4.23864
4.24242
4.24621
4.25
4.25379
4.25758
4.26136
4.26515
4.26894
4.27273
4.27652
4.2803
4.28409
4.28788
4.29167
4.29545
4.29924
4.30303
4.30682
4.31061
4.31439
4.31818
4.32197
4.32576
4.32955
4.33333
4.33712
4.34091
4.3447
4.34848
4.35227
4.35606
4.35985
4.36364
4.36742
4.37121
4.375
4.37879
4.38258
4.38636
4.39015
4.39394
4.39773
4.40152
4.4053
4.40909
4.41288
4.41667
4.42045
4.42424
4.42803
4.43182
4.43561
4.43939
4.44318
4.44697
4.45076
4.45455
4.45833
4.46212
4.46591
4.4697
4.47348
4.47727
4.48106
4.48485
4.48864
4.49242
4.49621
4.5
4.50379
4.50758
4.51136
4.51515
4.51894
4.52273
4.52652
4.5303
4.53409
4.53788
4.54167
4.54545
4.54924
4.55303
4.55682
4.56061
4.56439
4.56818
4.57197
4.57576
4.57955
4.58333
4.58712
4.59091
4.5947
4.59848
4.60227
4.60606
4.60985
4.61364
4.61742
4.62121
4.625
4.62879
4.63258
4.63636
4.64015
4.64394
4.64773
4.65152
4.6553
4.65909
4.66288
4.66667
4.67045
4.67424
4.67803
4.68182
4.68561
4.68939
4.69318
4.69697
4.70076
4.70455
4.70833
4.71212
4.71591
4.7197
4.72348
4.72727
4.73106
4.73485
4.73864
4.74242
4.74621
4.75
4.75379
4.75758
4.76136
4.76515
4.76894
4.77273
4.77652
4.7803
4.78409
4.78788
4.79167
4.79545
4.79924
4.80303
4.80682
4.81061
4.81439
4.81818
4.82197
4.82576
4.82955
4.83333
4.83712
4.84091
4.8447
4.84848
4.85227
4.85606
4.85985
4.86364
4.86742
4.87121
4.875
4.87879
4.88258
4.88636
4.89015
4.89394
4.89773
4.90152
4.9053
4.90909
4.91288
4.91667
4.92045
4.92424
4.92803
4.93182
4.93561
4.93939
4.94318
4.94697
4.95076
4.95455
4.95833
4.96212
4.96591
4.9697
4.97348
4.97727
4.98106
4.98485
4.98864
4.99242
4.99621
5
5.00379
5.00758
5.01136
5.01515
5.01894
5.02273
5.02652
5.0303
5.03409
5.03788
5.04167
5.04545
5.04924
5.05303
5.05682
5.06061
5.06439
5.06818
5.07197
5.07576
5.07955
5.08333
5.08712
5.09091
5.0947
5.09848
5.10227
5.10606
5.10985
5.11364
5.11742
5.12121
5.125
5.12879
5.13258
5.13636
5.14015
5.14394
5.14773
5.15152
5.1553
5.15909
5.16288
5.16667
5.17045
5.17424
5.17803
5.18182
5.18561
5.18939
5.19318
5.19697
5.20076
5.20455
5.20833
5.21212
5.21591
5.2197
5.22348
5.22727
5.23106
5.23485
5.23864
5.24242
5.24621
5.25
5.25379
5.25758
5.26136
5.26515
5.26894
5.27273
5.27652
5.2803
5.28409
5.28788
5.29167
5.29545
5.29924
5.30303
5.30682
5.31061
5.31439
5.31818
5.32197
5.32576
5.32955
5.33333
5.33712
5.34091
5.3447
5.34848
5.35227
5.35606
5.35985
5.36364
5.36742
5.37121
5.375
5.37879
5.38258
5.38636
5.39015
5.39394
5.39773
5.40152
5.4053
5.40909
5.41288
5.41667
5.42045
5.42424
5.42803
5.43182
5.43561
5.43939
5.44318
5.44697
5.45076
5.45455
5.45833
5.46212
5.46591
5.4697
5.47348
5.47727
5.48106
5.48485
5.48864
5.49242
5.49621
5.5
5.50379
5.50758
5.51136
5.51515
5.51894
5.52273
5.52652
5.5303
5.53409
5.53788
5.54167
5.54545
5.54924
5.55303
5.55682
5.56061
5.56439
5.56818
5.57197
5.57576
5.57955
5.58333
5.58712
5.59091
5.5947
5.59848
5.60227
5.60606
5.60985
5.61364
5.61742
5.62121
5.625
5.62879
5.63258
5.63636
5.64015
5.64394
5.64773
5.65152
5.6553
5.65909
5.66288
5.66667
5.67045
5.67424
5.67803
5.68182
5.68561
5.68939
5.69318
5.69697
5.70076
5.70455
5.70833
5.71212
5.71591
5.7197
5.72348
5.72727
5.73106
5.73485
5.73864
5.74242
5.74621
5.75
5.75379
5.75758
5.76136
5.76515
5.76894
5.77273
5.77652
5.7803
5.78409
5.78788
5.79167
5.79545
5.79924
5.80303
5.80682
5.81061
5.81439
5.81818
5.82197
5.82576
5.82955
5.83333
5.83712
5.84091
5.8447
5.84848
5.85227
5.85606
5.85985
5.86364
5.86742
5.87121
5.875
5.87879
5.88258
5.88636
5.89015
5.89394
5.89773
5.90152
5.9053
5.90909
5.91288
5.91667
5.92045
5.92424
5.92803
5.93182
5.93561
5.93939
5.94318
5.94697
5.95076
5.95455
5.95833
5.96212
5.96591
5.9697
5.97348
5.97727
5.98106
5.98485
5.98864
5.99242
5.99621
6
6.00379
6.00758
6.01136
6.01515
6.01894
6.02273
6.02652
6.0303
6.03409
6.03788
6.04167
6.04545
6.04924
6.05303
6.05682
6.06061
6.06439
6.06818
6.07197
6.07576
6.07955
6.08333
6.08712
6.09091
6.0947
6.09848
6.10227
6.10606
6.10985
6.11364
6.11742
6.12121
6.125
6.12879
6.13258
6.13636
6.14015
6.14394
6.14773
6.15152
6.1553
6.15909
6.16288
6.16667
6.17045
6.17424
6.17803
6.18182
6.18561
6.18939
6.19318
6.19697
6.20076
6.20455
6.20833
6.21212
6.21591
6.2197
6.22348
6.22727
6.23106
6.23485
6.23864
6.24242
6.24621
6.25
6.25379
6.25758
6.26136
6.26515
6.26894
6.27273
6.27652
6.2803
6.28409
6.28788
6.29167
6.29545
6.29924
6.30303
6.30682
6.31061
6.31439
6.31818
6.32197
6.32576
6.32955
6.33333
6.33712
6.34091
6.3447
6.34848
6.35227
6.35606
6.35985
6.36364
6.36742
6.37121
6.375
6.37879
6.38258
6.38636
6.39015
6.39394
6.39773
6.40152
6.4053
6.40909
6.41288
6.41667
6.42045
6.42424
6.42803
6.43182
6.43561
6.43939
6.44318
6.44697
6.45076
6.45455
6.45833
6.46212
6.46591
6.4697
6.47348
6.47727
6.48106
6.48485
6.48864
6.49242
6.49621
6.5
6.50379
6.50758
6.51136
6.51515
6.51894
6.52273
6.52652
6.5303
6.53409
6.53788
6.54167
6.54545
6.54924
6.55303
6.55682
6.56061
6.56439
6.56818
6.57197
6.57576
6.57955
6.58333
6.58712
6.59091
6.5947
6.59848
6.60227
6.60606
6.60985
6.61364
6.61742
6.62121
6.625
6.62879
6.63258
6.63636
6.64015
6.64394
6.64773
6.65152
6.6553
6.65909
6.66288
6.66667
6.67045
6.67424
6.67803
6.68182
6.68561
6.68939
6.69318
6.69697
6.70076
6.70455
6.70833
6.71212
6.71591
6.7197
6.72348
6.72727
6.73106
6.73485
6.73864
6.74242
6.74621
6.75
6.75379
6.75758
6.76136
6.76515
6.76894
6.77273
6.77652
6.7803
6.78409
6.78788
6.79167
6.79545
6.79924
6.80303
6.80682
6.81061
6.81439
6.81818
6.82197
6.82576
6.82955
6.83333
6.83712
6.84091
6.8447
6.84848
6.85227
6.85606
6.85985
6.86364
6.86742
6.87121
6.875
6.87879
6.88258
6.88636
6.89015
6.89394
6.89773
6.90152
6.9053
6.90909
6.91288
6.91667
6.92045
6.92424
6.92803
6.93182
6.93561
6.93939
6.94318
6.94697
6.95076
6.95455
6.95833
6.96212
6.96591
6.9697
6.97348
6.97727
6.98106
6.98485
6.98864
6.99242
6.99621
7
7.00379
7.00758
7.01136
7.01515
7.01894
7.02273
7.02652
7.0303
7.03409
7.03788
7.04167
7.04545
7.04924
7.05303
7.05682
7.06061
7.06439
7.06818
7.07197
7.07576
7.07955
7.08333
7.08712
7.09091
7.0947
7.09848
7.10227
7.10606
7.10985
7.11364
7.11742
7.12121
7.125
7.12879
7.13258
7.13636
7.14015
7.14394
7.14773
7.15152
7.1553
7.15909
7.16288
7.16667
7.17045
7.17424
7.17803
7.18182
7.18561
7.18939
7.19318
7.19697
7.20076
7.20455
7.20833
7.21212
7.21591
7.2197
7.22348
7.22727
7.23106
7.23485
7.23864
7.24242
7.24621
7.25
7.25379
7.25758
7.26136
7.26515
7.26894
7.27273
7.27652
7.2803
7.28409
7.28788
7.29167
7.29545
7.29924
7.30303
7.30682
7.31061
7.31439
7.31818
7.32197
7.32576
7.32955
7.33333
7.33712
7.34091
7.3447
7.34848
7.35227
7.35606
7.35985
7.36364
7.36742
7.37121
7.375
7.37879
7.38258
7.38636
7.39015
7.39394
7.39773
7.40152
7.4053
7.40909
7.41288
7.41667
7.42045
7.42424
7.42803
7.43182
7.43561
7.43939
7.44318
7.44697
7.45076
7.45455
7.45833
7.46212
7.46591
7.4697
7.47348
7.47727
7.48106
7.48485
7.48864
7.49242
7.49621
7.5
7.50379
7.50758
7.51136
7.51515
7.51894
7.52273
7.52652
7.5303
7.53409
7.53788
7.54167
7.54545
7.54924
7.55303
7.55682
7.56061
7.56439
7.56818
7.57197
7.57576
7.57955
7.58333
7.58712
7.59091
7.5947
7.59848
7.60227
7.60606
7.60985
7.61364
7.61742
7.62121
7.625
7.62879
7.63258
7.63636
7.64015
7.64394
7.64773
7.65152
7.6553
7.65909
7.66288
7.66667
7.67045
7.67424
7.67803
7.68182
7.68561
7.68939
7.69318
7.69697
7.70076
7.70455
7.70833
7.71212
7.71591
7.7197
7.72348
7.72727
7.73106
7.73485
7.73864
7.74242
7.74621
7.75
7.75379
7.75758
7.76136
7.76515
7.76894
7.77273
7.77652
7.7803
7.78409
7.78788
7.79167
7.79545
7.79924
7.80303
7.80682
7.81061
7.81439
7.81818
7.82197
7.82576
7.82955
7.83333
7.83712
7.84091
7.8447
7.84848
7.85227
7.85606
7.85985
7.86364
7.86742
7.87121
7.875
7.87879
7.88258
7.88636
7.89015
7.89394
7.89773
7.90152
7.9053
7.90909
7.91288
7.91667
7.92045
7.92424
7.92803
7.93182
7.93561
7.93939
7.94318
7.94697
7.95076
7.95455
7.95833
7.96212
7.96591
7.9697
7.97348
7.97727
7.98106
7.98485
7.98864
7.99242
7.99621
8
