1
1.00031
0.999542
0.998735
0.999718
1.00089
1.00103
1.00048
1.00095
1.00089
1.00286
1.00336
1.0027
1.00289
1.00234
1.00306
1.00319
1.0027
1.00338
1.00349
1.00369
1.00484
1.00506
1.0048
1.00496
1.00566
1.00552
1.00483
1.00522
1.00532
1.00559
1.0049
1.00575
1.0066
1.00817
1.00763
1.00666
1.007
1.00667
1.00687
1.00616
1.00508
1.00567
1.00661
1.00758
1.00821
1.00832
1.008
1.0088
1.00927
1.00942
1.01081
1.01134
1.01121
1.01138
1.01117
1.01133
1.01102
1.01112
1.01054
1.01037
1.0105
1.01038
1.01038
1.01123
1.01178
1.01191
1.01125
1.01062
1.0103
1.00997
1.0099
1.01026
1.01003
1.01079
1.01112
1.01175
1.01138
1.01192
1.01226
1.01229
1.01208
1.01234
1.01187
1.01142
1.01072
1.01137
1.01115
1.01176
1.01047
1.01168
1.01112
1.01104
1.01056
1.01155
1.01189
1.01276
1.01313
1.01297
1.0134
1.01221
1.01198
1.01163
1.01061
1.01073
1.01162
1.01169
1.01204
1.01227
1.0125
1.0138
1.01502
1.01426
1.0131
1.01421
1.01428
1.01487
1.01472
1.01466
1.01448
1.01419
1.01422
1.01566
1.01602
1.01589
1.01578
1.01566
1.01535
1.01635
1.01578
1.01574
1.01587
1.01569
1.01541
1.01427
1.01407
1.01342
1.01283
1.01286
1.01289
1.01328
1.01334
1.0129
1.01381
1.01361
1.01331
1.01289
1.01256
1.01336
1.01412
1.01435
1.01516
1.01514
1.01468
1.01483
1.01451
1.01485
1.01486
1.01466
1.01564
1.01663
1.01693
1.01667
1.01683
1.0174
1.01765
1.01679
1.01685
1.01728
1.01744
1.01824
1.0185
1.01921
1.0183
1.01883
1.01796
1.01854
1.01892
1.01866
1.01963
1.01997
1.0197
1.02028
1.01947
1.01905
1.01907
1.01847
1.01902
1.01952
1.01992
1.02046
1.02141
1.02253
1.0223
1.02265
1.02333
1.02263
1.02322
1.02359
1.02378
1.02317
1.0244
1.02395
1.02409
1.02485
1.0239
1.02437
1.02376
1.02402
1.02449
1.02456
1.02336
1.02327
1.0231
1.02499
1.02484
1.02538
1.02617
1.02613
1.0261
1.02656
1.02603
1.02563
1.02526
1.02545
1.02581
1.02618
1.02519
1.02492
1.0248
1.02537
1.0257
1.02541
1.02389
1.02467
1.02397
1.02361
1.024
1.02367
1.02421
1.02445
1.02332
1.0235
1.02257
1.02303
1.02251
1.02176
1.02346
1.02435
1.02377
1.0234
1.02398
1.02285
1.02299
1.02374
1.02471
1.02603
1.02594
1.02539
1.02587
1.02561
1.02442
1.02493
1.02526
1.02596
1.02679
1.02729
1.0275
1.02731
1.02673
1.02714
1.02774
1.02771
1.02768
1.0288
1.02781
1.02802
1.02761
1.02679
1.02725
1.0281
1.02789
1.02763
1.02717
1.02722
1.02811
1.02759
1.02778
1.02726
1.02797
1.02731
1.02759
1.02888
1.02812
1.02843
1.02703
1.02701
1.02589
1.02555
1.02601
1.02601
1.02626
1.02662
1.02771
1.02765
1.02764
1.02713
1.02639
1.02702
1.0281
1.02824
1.0272
1.02725
1.02741
1.02753
1.02802
1.02878
1.02882
1.02923
1.03044
1.03065
1.03087
1.03002
1.03053
1.03046
1.03042
1.03047
1.03042
1.03041
1.03034
1.03016
1.02953
1.02864
1.02834
1.02842
1.02875
1.02804
1.02879
1.02935
1.02954
1.02916
1.02913
1.0287
1.02875
1.02791
1.02757
1.02616
1.02732
1.0268
1.02681
1.02735
1.02798
1.02703
1.02695
1.02708
1.02707
1.02663
1.0272
1.0266
1.02688
1.02673
1.02593
1.02534
1.02495
1.02434
1.02471
1.02536
1.02569
1.02629
1.0267
1.02754
1.02925
1.02914
1.02988
1.02977
1.0301
1.02973
1.0301
1.02977
1.03033
1.02956
1.02942
1.03084
1.03011
1.03084
1.03258
1.03275
1.03401
1.0341
1.03373
1.034
1.03309
1.03376
1.03322
1.03258
1.03253
1.03311
1.03251
1.03304
1.03333
1.03303
1.03324
1.03455
1.03531
1.03505
1.03579
1.03608
1.03537
1.03503
1.03658
1.03771
1.03758
1.03802
1.03757
1.03792
1.03754
1.03994
1.03897
1.03962
1.03931
1.03881
1.03813
1.03716
1.03823
1.03935
1.03907
1.03891
1.0397
1.04009
1.04027
1.04076
1.04055
1.03996
1.04097
1.04186
1.04218
1.04224
1.04153
1.04285
1.04303
1.04213
1.04122
1.04044
1.0405
1.04075
1.04148
1.04188
1.04268
1.04269
1.04183
1.04174
1.04125
1.04158
1.04286
1.04349
1.04401
1.04481
1.04462
1.04484
1.04458
1.04476
1.04502
1.04554
1.04687
1.04804
1.04695
1.04649
1.04656
1.04583
1.04478
1.04449
1.04382
1.04356
1.04432
1.04539
1.0443
1.04442
1.04477
1.04543
1.04569
1.04568
1.04614
1.0465
1.04771
1.04673
1.04632
1.04638
1.04583
1.0451
1.04516
1.04509
1.04522
1.04497
1.04524
1.04572
1.04521
1.04589
1.04711
1.0476
1.04735
1.04889
1.04895
1.04911
1.04995
1.04971
1.05028
1.05075
1.05079
1.05057
1.05026
1.05076
1.05147
1.05187
1.05274
1.05271
1.05187
1.05323
1.05276
1.05321
1.05327
1.05387
1.05337
1.05389
1.05396
1.05494
1.05433
1.05322
1.05289
1.05291
1.05304
1.05288
1.05299
1.05292
1.05279
1.05192
1.05346
1.05392
1.0532
1.05437
1.05374
1.05332
1.05208
1.05254
1.05295
1.05268
1.05276
1.05166
1.05124
1.05153
1.0512
1.05012
1.05009
1.04922
1.05013
1.05023
1.05052
1.0516
1.0522
1.05294
1.05228
1.05263
1.05325
1.05377
1.05479
1.05478
1.05489
1.05422
1.05482
1.05426
1.05485
1.05561
1.05472
1.05547
1.05516
1.05412
1.05342
1.05348
1.05289
1.05302
1.05347
1.05299
1.05251
1.05235
1.05142
1.05071
1.05116
1.05092
1.051
1.05115
1.05081
1.05073
1.05017
1.05056
1.05046
1.04939
1.0498
1.05148
1.05112
1.04987
1.05002
1.05075
1.04916
1.05037
1.05045
1.05103
1.05233
1.05214
1.05293
1.05366
1.05343
1.05459
1.05443
1.055
1.05535
1.05583
1.05489
1.05424
1.05363
1.05399
1.05467
1.05554
1.056
1.05622
1.05566
1.0561
1.05586
1.05603
1.05738
1.0584
1.05792
1.05714
1.05728
1.05796
1.05892
1.05909
1.05854
1.06032
1.0612
1.06079
1.06109
1.06155
1.06096
1.06061
1.0595
1.06006
1.06027
1.06151
1.06154
1.06191
1.0616
1.06084
1.06094
1.05975
1.0597
1.05996
1.06021
1.06085
1.0616
1.06194
1.06215
1.06236
1.06166
1.06107
1.0614
1.06158
1.06144
1.06189
1.06174
1.06218
1.06206
1.06188
1.06151
1.06197
1.06265
1.06285
1.0631
1.06346
1.06369
1.06314
1.06342
1.0637
1.06321
1.06172
1.06183
1.0618
1.06146
1.06136
1.06241
1.06326
1.06316
1.06347
1.06375
1.06456
1.065
1.06458
1.0641
1.06393
1.06461
1.06498
1.06559
1.06609
1.06525
1.06486
1.06543
1.0652
1.06501
1.06467
1.06543
1.06576
1.06601
1.0662
1.06686
1.06655
1.06742
1.06888
1.06951
1.06939
1.06828
1.06737
1.06714
1.06808
1.06788
1.06749
1.06835
1.06974
1.07023
1.0699
1.06978
1.07172
1.07166
1.07219
1.07377
1.07362
1.0743
1.07381
1.07359
1.07322
1.07316
1.07275
1.07278
1.07255
1.07316
1.07363
1.07471
1.07426
1.07433
1.07516
1.0753
1.0738
1.07392
1.07437
1.07384
1.07494
1.07502
1.07513
1.07521
1.076
1.0762
1.07703
1.0775
1.07787
1.07765
1.0778
1.07813
1.07796
1.07762
1.07852
1.07925
1.07998
1.08123
1.08293
1.08432
1.08481
1.08402
1.08447
1.0853
1.08673
1.08696
1.0874
1.08679
1.08747
1.08706
1.08718
1.0872
1.087
1.08725
1.08837
1.08787
1.08778
1.08834
1.0885
1.08799
1.08885
1.08989
1.08997
1.09041
1.08989
1.08987
1.08979
1.09029
1.09089
1.09127
1.09175
1.09296
1.09348
1.09333
1.09301
1.09357
1.09411
1.09549
1.09563
1.0943
1.09349
1.09328
1.09192
1.09145
1.09122
1.09176
1.09266
1.09245
1.09276
1.09337
1.0952
1.09525
1.09635
1.09682
1.09742
1.09818
1.09797
1.09803
1.09886
1.09921
1.10031
1.10106
1.10167
1.10296
1.10308
1.10244
1.10217
1.10206
1.10221
1.10258
1.10253
1.10325
1.10395
1.10291
1.10191
1.10264
1.10281
1.10361
1.10422
1.10334
1.10296
1.10278
1.10308
1.10374
1.10301
1.10408
1.10487
1.10577
1.10647
1.10648
1.10624
1.1067
1.10629
1.10573
1.10611
1.10679
1.10607
1.10558
1.10639
1.10695
1.10649
1.10764
1.10744
1.10728
1.10737
1.10702
1.10739
1.10827
1.10777
1.10925
1.10928
1.11019
1.11067
1.11098
1.11128
1.11158
1.11153
1.11209
1.1113
1.11211
1.11201
1.1116
1.11215
1.11291
1.11336
1.1131
1.11331
1.11302
1.11234
1.11404
1.11334
1.11398
1.11548
1.11488
1.11449
1.11485
1.11512
1.11535
1.11589
1.11658
1.11462
1.11507
1.11575
1.11553
1.1165
1.11536
1.11565
1.11561
1.11605
1.11712
1.11598
1.11605
1.11552
1.11664
1.11658
1.11687
1.11724
1.11716
1.11746
1.11746
1.11804
1.11834
1.11882
1.11796
1.11797
1.11737
1.11784
1.11875
1.11924
1.11968
1.11986
1.1196
1.1208
1.12236
1.12205
1.12257
1.12318
1.12364
1.12519
1.12598
1.12553
1.1253
1.12662
1.12722
1.12689
1.12646
1.12589
1.12579
1.12582
1.12594
1.12625
1.12628
1.12594
1.12754
1.12731
1.12682
1.12613
1.12601
1.12517
1.12508
1.12522
1.12481
1.1257
1.12509
1.12608
1.12549
1.12484
1.12465
1.12535
1.12597
1.1253
1.12616
1.12605
1.12637
1.12673
1.12785
1.12692
1.12732
1.12664
1.12608
1.1248
1.12356
1.12355
1.12451
1.12601
1.12625
1.12678
1.12744
1.12865
1.12835
1.12882
1.12859
1.12916
1.12974
1.12995
1.12986
1.12976
1.12933
1.12943
1.12987
1.13109
1.13226
1.13142
1.13067
1.13079
1.12985
1.12933
1.1293
1.12849
1.12861
1.12941
1.12864
1.12782
1.1274
1.12819
1.12714
1.12749
1.12864
1.12854
1.12813
1.12859
1.12941
1.12781
1.1285
1.12975
1.13025
1.1293
1.13058
1.12983
1.13004
1.13029
1.13047
1.13031
1.13059
1.13056
1.13086
1.13116
1.13197
1.13176
1.13204
1.13133
1.13229
1.1322
1.13221
1.13222
1.13134
1.13076
1.13158
1.13229
1.13228
1.1325
1.13304
1.13341
1.13325
1.13226
1.13214
1.13259
1.13262
1.13132
1.13152
1.13086
1.13106
1.13196
1.13243
1.13344
1.13387
1.1348
1.13503
1.13515
1.13551
1.13478
1.13475
1.13454
1.13415
1.1349
1.13518
1.13616
1.13657
1.13705
1.13694
1.13777
1.13799
1.13692
1.13643
1.13679
1.13662
1.13802
1.13777
1.13751
1.1387
1.14017
1.13901
1.13917
1.14051
1.14076
1.14119
1.14203
1.14334
1.14279
1.14384
1.14273
1.14361
1.14383
1.14444
1.14366
1.14235
1.14279
1.14373
1.14308
1.1425
1.14246
1.14141
1.14198
1.14297
1.14384
1.144
1.14559
1.14502
1.14499
1.14565
1.14739
1.14848
1.14941
1.14918
1.14939
1.15023
1.14978
1.14894
1.14822
1.14858
1.14841
1.147
1.14864
1.14863
1.14876
1.14842
1.14767
1.14776
1.14651
1.14697
1.14717
1.14676
1.14833
1.14875
1.14824
1.14887
1.14919
1.15043
1.15061
1.15117
1.15202
1.15234
1.15103
1.15169
1.15093
1.15062
1.15092
1.15008
1.14991
1.15092
1.15123
1.15215
1.15221
1.15167
1.15282
1.15263
1.15311
1.15407
1.15413
1.15453
1.15369
1.15382
1.15292
1.15455
1.15489
1.15483
1.15518
1.15492
1.15528
1.15543
1.15646
1.15766
1.15709
1.15808
1.15756
1.15735
1.1575
1.15753
1.15679
1.15587
1.15506
1.15488
1.15564
1.15629
1.15731
1.15717
1.15799
1.15903
1.15879
1.15916
1.15784
1.15794
1.15715
1.15758
1.15839
1.15801
1.15735
1.15739
1.15723
1.15711
1.15744
1.15618
1.15732
1.15732
1.1569
1.15818
1.15774
1.15802
1.158
1.15687
1.15576
1.15479
1.1549
1.15496
1.15586
1.15644
1.15566
1.15486
1.15406
1.15391
1.15477
1.15494
1.15383
1.15402
1.15386
1.15523
1.15501
1.15431
1.155
1.15525
1.15515
1.15368
1.153
1.15281
1.15405
1.15465
1.15408
1.15439
1.1538
1.15362
1.1525
1.15198
1.15185
1.1527
1.15389
1.15452
1.15427
1.15414
1.15301
1.15186
1.15156
1.14987
1.1502
1.15058
1.15108
1.15111
1.15131
1.15179
1.15132
1.1506
1.15126
1.15135
1.15151
1.15165
1.1535
1.15367
1.15423
1.15481
1.15455
1.15489
1.15461
1.15525
1.15689
1.15798
1.15829
1.15746
1.15718
1.1573
1.15683
1.15847
1.15819
1.15855
1.15788
1.15737
1.15677
1.15607
1.1572
1.15726
1.15701
1.15668
1.15657
1.15714
1.15669
1.15514
1.15485
1.1554
1.15526
1.15545
1.15616
1.15629
1.15579
1.15633
1.15571
1.15736
1.15638
1.15601
1.15623
1.15632
1.15751
1.15847
1.15797
1.15819
1.15888
1.15962
1.15954
1.15934
1.15955
1.1591
1.16096
1.1619
1.16305
1.16366
1.16414
1.16323
1.16266
1.163
1.16345
1.16392
1.16497
1.16425
1.16289
1.1629
1.16254
1.1615
1.16344
1.16352
1.16405
1.16526
1.16561
1.16576
1.16654
1.16639
1.16518
1.16574
1.16627
1.16567
1.16473
1.16407
1.16282
1.16367
1.16281
1.16324
1.16308
1.16279
1.16161
1.1611
1.1599
1.1603
1.16012
1.16182
1.16256
1.16421
1.16309
1.16298
1.16391
1.16259
1.16272
1.16369
1.16263
1.16241
1.16211
1.16228
1.1629
1.1638
1.1628
1.16358
1.16362
1.16361
1.16387
1.16328
1.16285
1.16333
1.16331
1.16385
1.16454
1.16465
1.16478
1.16485
1.16476
1.16486
1.16602
1.16542
1.16649
1.16779
1.16868
1.16942
1.17101
1.17079
1.16973
1.16955
1.16959
1.16848
1.16897
1.16899
1.16872
1.1688
1.16927
1.17023
1.17082
1.17096
1.17032
1.16988
1.16995
1.16942
1.16888
1.16946
1.16862
1.16787
1.16775
1.16756
1.16629
1.16587
1.16545
1.1643
1.16422
1.1655
1.16686
1.1668
1.16839
1.16899
1.16919
1.16871
1.16917
1.17062
1.17015
1.16981
1.17048
1.1709
1.17208
1.17258
1.17264
1.17297
1.17298
1.17313
1.17417
1.17441
1.17561
1.1757
1.17545
1.17547
1.17488
1.17411
1.1733
1.17465
1.17573
1.17555
1.17565
1.17614
1.17688
1.1762
1.17693
1.17607
1.17623
1.17754
1.17805
1.17881
1.17987
1.1806
1.18147
1.18179
1.1816
1.18188
1.18254
1.18301
1.18347
1.18408
1.18452
1.18583
1.18676
1.18653
1.18681
1.18717
1.18714
1.18689
1.18743
1.1872
1.18658
1.18686
1.18596
1.18517
1.18558
1.18587
1.18676
1.18654
1.18647
1.18644
1.1859
1.18552
1.1858
1.18604
1.18686
1.18747
1.18638
1.18691
1.18826
1.18883
1.18976
1.18916
1.18925
1.18871
1.18832
1.18871
1.18867
1.1892
1.18875
1.18945
1.19014
1.18946
1.18947
1.18998
1.18923
1.18963
1.18877
1.18712
1.18686
1.18731
1.18791
1.18801
1.18825
1.18984
1.19102
1.1915
1.19094
1.19138
1.19232
1.19206
1.19155
1.19307
1.19303
1.19288
1.1937
1.19292
1.19225
1.19286
1.19298
1.1927
1.1917
1.19042
1.19083
1.19081
1.19125
1.19206
1.19209
1.19236
1.19154
1.19234
1.19279
1.19368
1.1945
1.19497
1.19387
1.19352
1.19312
1.19246
1.19272
1.19324
1.19375
1.19481
1.19447
1.19405
1.19477
1.19585
1.19647
1.19683
1.19536
1.19506
1.19627
1.19569
1.19558
1.19522
1.19609
1.19648
1.1983
1.19878
1.19881
1.19926
1.19872
1.19907
1.19979
1.20035
1.20151
1.20154
1.20116
1.2004
1.20041
1.20054
1.2014
1.20166
1.20135
1.20096
1.20188
1.20476
1.20643
1.20767
1.20604
1.2061
1.20681
1.20751
1.20805
1.2079
1.20751
1.2084
1.21001
1.21021
1.21031
1.212
1.21251
1.21055
1.21038
1.20993
1.20882
1.20833
1.20998
1.21029
1.21022
1.21098
1.21117
1.21046
1.20996
1.20875
1.20686
1.20725
1.20755
1.20785
1.20735
1.20714
1.20843
1.20764
1.20788
1.20767
1.207
1.20705
1.20776
1.20746
1.20864
1.20891
1.2087
1.20834
1.20904
1.2094
1.20938
1.21014
1.20993
1.2101
1.2086
1.20905
1.20908
1.20972
1.20935
1.20946
1.21121
1.21135
1.21085
1.21106
1.21241
1.21254
1.21238
1.21294
1.21423
1.21423
1.21337
1.21296
1.21259
1.21134
1.21016
1.21025
1.20959
1.21132
1.21184
1.21259
1.21263
1.21271
1.2129
1.21301
1.21267
1.2124
1.21204
1.2116
1.21092
1.21224
1.21068
1.2111
1.21089
1.21047
1.21047
1.20998
1.20967
1.21088
1.21095
1.21097
1.21104
1.21197
1.21161
1.21287
1.21347
1.21372
1.2145
1.21362
1.21326
1.21433
1.21483
1.21507
1.21585
1.21524
1.21634
1.21564
1.21542
1.2154
1.21588
1.21673
1.2158
1.21523
1.21689
1.21639
1.21711
1.21678
1.21703
1.21644
1.21747
1.21851
1.21832
1.21712
1.21701
1.21593
1.2162
1.2164
1.21638
1.21653
1.21663
1.21712
1.21772
1.21935
1.22028
1.22116
1.22066
1.21901
1.21984
1.21893
1.21871
1.2177
1.21876
1.22071
1.21959
1.21998
1.2199
1.22062
1.22107
1.22169
1.22184
1.22209
1.22157
1.2217
1.22302
1.22211
1.22277
1.2227
1.22338
1.2236
1.22446
1.22483
1.22586
1.22708
1.22616
1.22629
1.22652
1.22628
1.22634
1.22589
1.2254
1.22548
1.22591
1.22434
1.22453
1.22468
1.22617
1.22523
1.22493
1.22503
1.22628
1.22581
1.22642
1.22558
1.22587
1.2251
1.22505
1.22573
1.22626
1.22564
1.22678
1.22723
1.22687
1.22739
1.22818
1.22854
1.22789
1.22761
1.22769
1.22791
1.22774
1.22723
1.22748
1.22746
1.2283
1.22813
1.22906
1.2281
1.22781
1.22814
1.22894
1.23044
1.23096
1.23077
1.23044
1.22986
1.22993
1.23056
1.23095
1.23125
1.22993
1.22987
1.2297
1.22994
1.22925
1.22837
1.22988
1.23019
1.23021
1.23069
1.23151
1.23217
1.23156
1.23155
1.23088
1.23161
1.2308
1.23109
1.23207
1.23098
1.23059
1.23104
1.23091
1.23199
1.23343
1.23322
1.23445
1.23542
1.23625
1.23617
1.23663
1.2371
1.2378
1.23841
1.23955
1.23929
1.23924
1.24021
1.23926
1.23804
1.2369
1.23687
1.23707
1.2362
1.23758
1.23675
1.23664
1.23656
1.23675
1.23581
1.23585
1.23483
1.23431
1.23457
1.23483
1.23598
1.23601
1.23606
1.23713
1.23705
1.23733
1.23767
1.2366
1.23743
1.2376
1.23893
1.23793
1.23857
1.23995
1.24012
1.23923
1.23897
1.23916
1.23972
1.23895
1.24048
1.23894
1.23965
1.23973
1.24008
1.24043
1.2412
1.24026
1.24069
1.24097
1.2415
1.24163
1.24258
1.24353
1.24417
1.2453
1.24603
1.24705
1.24872
1.24851
1.24841
1.24823
1.24819
1.24685
1.24651
1.24658
1.24723
1.24695
1.2488
1.24875
1.24788
1.24769
1.24895
1.25038
1.24998
1.24904
1.24968
1.24963
1.24994
1.24925
1.25057
1.25071
1.25127
1.25201
1.253
1.2533
1.25236
1.25266
1.25309
1.25271
1.25322
1.25414
1.25428
1.25446
1.25307
1.2519
1.25094
1.25067
1.25103
1.25178
1.25162
1.25115
1.25145
1.25279
1.254
1.25388
1.25465
1.25524
1.25375
1.25409
1.2535
1.2533
1.25301
1.25305
1.25234
1.2526
1.25169
1.2504
1.24907
1.24942
1.2485
1.24942
1.2493
1.24914
1.24925
1.24948
1.25001
1.25011
1.25158
1.25139
1.25249
1.2528
1.25316
1.25444
1.25385
1.2541
1.25391
1.25356
1.25281
1.25321
1.25222
1.25127
1.25128
1.25126
1.25149
1.24994
1.24971
1.25188
1.25268
1.25339
1.25205
1.25251
1.25297
1.25344
1.25241
1.25403
1.2542
1.25401
1.25377
1.25392
1.25455
1.25419
1.2543
1.25528
1.2542
1.2536
1.25349
1.25371
1.25486
1.25523
1.25443
1.2548
1.25429
1.2542
1.2554
1.2564
1.25583
1.25633
1.25502
1.25538
1.25431
1.25312
1.25246
1.25313
1.25239
1.25287
1.25147
1.25265
1.2526
1.25213
1.25165
1.25192
1.25267
1.25396
1.25311
1.25156
1.25181
1.25091
1.2516
1.25058
1.25122
1.25187
1.2526
1.25433
1.25397
1.25451
1.25533
1.25706
1.25587
1.25709
1.25718
1.25829
1.25745
1.25722
1.25707
1.25799
1.25895
1.26038
1.26059
1.25987
1.26024
1.26081
1.26051
1.26017
1.2603
1.26132
1.26218
1.26232
