1
1.00003
0.999867
0.999552
0.999277
1.00021
0.999746
0.999135
0.999429
0.999495
1.00048
0.999901
0.999894
1.00126
1.0008
1.00117
1.0022
1.00222
1.00307
1.00355
1.0046
1.00627
1.00669
1.00583
1.00537
1.00665
1.00634
1.00593
1.00608
1.00532
1.00541
1.00465
1.00554
1.00568
1.00579
1.00588
1.00435
1.00531
1.00484
1.0058
1.00526
1.00445
1.00538
1.00477
1.00624
1.00688
1.00728
1.00687
1.00756
1.00718
1.0079
1.00938
1.00942
1.00996
1.00985
1.01013
1.01019
1.00927
1.00863
1.00843
1.00846
1.0097
1.00986
1.00969
1.01052
1.01087
1.01046
1.00976
1.00893
1.00812
1.0076
1.00758
1.00851
1.00745
1.0067
1.00605
1.00628
1.00681
1.00721
1.00758
1.00658
1.00592
1.00567
1.00639
1.00662
1.00681
1.00729
1.00687
1.00701
1.00583
1.0068
1.00574
1.00509
1.00557
1.00529
1.00566
1.00629
1.007
1.00658
1.00763
1.00652
1.00615
1.00579
1.00546
1.00509
1.00628
1.00605
1.00664
1.00607
1.00578
1.00627
1.00747
1.00652
1.00715
1.00735
1.00743
1.00815
1.00865
1.00758
1.00727
1.0073
1.00866
1.0091
1.00936
1.00947
1.00949
1.00862
1.00897
1.009
1.00894
1.00877
1.00818
1.00841
1.0083
1.00802
1.0088
1.0081
1.00668
1.00709
1.00708
1.00743
1.00724
1.00681
1.00725
1.00742
1.00734
1.0073
1.00742
1.0073
1.0075
1.00851
1.00922
1.00883
1.0091
1.00932
1.00846
1.00987
1.00912
1.00855
1.00879
1.00794
1.00745
1.00816
1.00811
1.00829
1.00843
1.00858
1.00833
1.0079
1.00726
1.00773
1.00716
1.00634
1.00517
1.00414
1.00335
1.00348
1.00393
1.00388
1.00432
1.00492
1.00454
1.00504
1.00415
1.00352
1.00359
1.00325
1.0026
1.0029
1.00392
1.00447
1.00608
1.00623
1.00552
1.00501
1.0048
1.00564
1.00747
1.00798
1.00815
1.00786
1.00834
1.00851
1.00825
1.00973
1.00986
1.01029
1.01026
1.01036
1.00995
1.00974
1.00922
1.00991
1.00973
1.01042
1.01023
1.01011
1.0108
1.01046
1.0108
1.00989
1.00926
1.00967
1.00908
1.0096
1.01022
1.00978
1.00938
1.00961
1.00867
1.00825
1.00828
1.00854
1.00806
1.00848
1.00819
1.00778
1.00791
1.0066
1.00672
1.00761
1.00664
1.0064
1.00582
1.00527
1.00471
1.00416
1.0046
1.00566
1.00512
1.00468
1.00428
1.00422
1.00411
1.00411
1.00439
1.00554
1.00601
1.00554
1.00581
1.0055
1.00635
1.00717
1.00737
1.00961
1.01036
1.00956
1.00943
1.0092
1.00843
1.00854
1.00837
1.00828
1.00844
1.00928
1.00904
1.00918
1.00916
1.00921
1.00927
1.00987
1.00947
1.00906
1.00867
1.00915
1.01004
1.00965
1.00964
1.00876
1.00891
1.0076
1.00697
1.00684
1.00639
1.00645
1.00517
1.00398
1.00339
1.0026
1.00289
1.00315
1.00336
1.00422
1.00472
1.00479
1.00374
1.00358
1.00308
1.00267
1.00304
1.00306
1.00267
1.00304
1.00302
1.00359
1.00527
1.00613
1.00628
1.00708
1.00791
1.00919
1.00972
1.00937
1.01022
1.01003
1.01044
1.01016
1.0103
1.01076
1.01067
1.01077
1.01091
1.01097
1.01166
1.01109
1.0118
1.01189
1.01259
1.01296
1.01256
1.01242
1.01306
1.01218
1.01182
1.01079
1.01058
1.00972
1.01123
1.01064
1.01137
1.01171
1.01208
1.01195
1.01195
1.01199
1.01291
1.01186
1.01203
1.01221
1.01241
1.01266
1.01206
1.01171
1.0117
1.01042
1.0094
1.00982
1.00961
1.00972
1.00958
1.01039
1.01054
1.01027
1.01055
1.01033
1.01122
1.00947
1.01055
1.00994
1.01124
1.01123
1.01126
1.01249
1.01156
1.01204
1.01324
1.01452
1.01506
1.0144
1.01381
1.01415
1.01395
1.01407
1.01374
1.01272
1.01266
1.01404
1.01429
1.01506
1.01565
1.01596
1.01527
1.01651
1.01743
1.01749
1.01795
1.01836
1.01701
1.01695
1.01743
1.01898
1.01928
1.01957
1.0191
1.01903
1.0192
1.02029
1.0201
1.01994
1.02046
1.01961
1.01906
1.01998
1.02063
1.02102
1.02144
1.02192
1.02323
1.02372
1.02242
1.02275
1.02296
1.0225
1.02254
1.0221
1.0222
1.02172
1.0219
1.02229
1.02257
1.0223
1.02156
1.02093
1.02115
1.01966
1.02001
1.01967
1.01942
1.0192
1.01947
1.01945
1.01898
1.01904
1.0199
1.01972
1.02044
1.02136
1.0214
1.02017
1.02112
1.02215
1.02298
1.02291
1.02399
1.02389
1.02337
1.02415
1.02437
1.02431
1.02386
1.02347
1.02331
1.02297
1.02419
1.02445
1.0239
1.0246
1.0255
1.02537
1.02652
1.02705
1.02739
1.02785
1.03014
1.02969
1.03006
1.03052
1.03077
1.03022
1.03168
1.03079
1.03067
1.03093
1.03073
1.03126
1.03097
1.03112
1.03161
1.03163
1.03172
1.03331
1.03285
1.03291
1.033
1.03345
1.03399
1.03458
1.03473
1.03331
1.03334
1.03384
1.03387
1.03443
1.03538
1.03495
1.03494
1.03508
1.03444
1.03433
1.03464
1.03602
1.0355
1.03507
1.03499
1.03528
1.03577
1.03544
1.03496
1.03407
1.03455
1.03431
1.03474
1.03484
1.03546
1.03662
1.03852
1.03938
1.03987
1.04085
1.03977
1.03869
1.03821
1.03691
1.03612
1.03596
1.03566
1.03464
1.03524
1.03533
1.03449
1.0343
1.03439
1.03498
1.0353
1.03585
1.0367
1.03679
1.03692
1.03639
1.03584
1.03639
1.03731
1.03736
1.03826
1.03862
1.03839
1.03701
1.03723
1.03725
1.03773
1.03686
1.03649
1.03731
1.03697
1.03635
1.03572
1.03611
1.03626
1.03586
1.03592
1.03544
1.03664
1.03732
1.03714
1.03652
1.03817
1.03868
1.03813
1.03841
1.03815
1.03842
1.03797
1.03821
1.03825
1.03854
1.03858
1.04042
1.04095
1.03932
1.03828
1.03895
1.03893
1.03946
1.0397
1.04076
1.04115
1.04145
1.04279
1.04356
1.04424
1.0451
1.04537
1.04638
1.04685
1.04654
1.04605
1.04593
1.04645
1.04693
1.04684
1.04708
1.04668
1.04614
1.04602
1.04751
1.04777
1.04749
1.04752
1.04867
1.04826
1.04809
1.04795
1.04764
1.04865
1.04865
1.0489
1.04956
1.04969
1.04898
1.04962
1.04995
1.04989
1.04975
1.04917
1.04853
1.04888
1.0499
1.04972
1.04924
1.04981
1.04945
1.05002
1.04929
1.04919
1.04931
1.04943
1.05019
1.05038
1.05108
1.05088
1.05098
1.05065
1.0503
1.05129
1.05107
1.05097
1.05113
1.05089
1.05121
1.05018
1.05042
1.04976
1.04887
1.04907
1.04946
1.04915
1.04902
1.04896
1.04825
1.0471
1.04709
1.0475
1.04724
1.04722
1.04763
1.0471
1.04703
1.04732
1.04813
1.04875
1.04789
1.04781
1.04725
1.04705
1.04708
1.04695
1.04779
1.04833
1.04838
1.0491
1.0495
1.04816
1.04798
1.04834
1.0481
1.04803
1.04871
1.04839
1.04875
1.04779
1.04843
1.04831
1.0469
1.04703
1.04719
1.04768
1.04667
1.04482
1.04485
1.04417
1.04524
1.04516
1.04474
1.04537
1.04617
1.04585
1.04536
1.04634
1.04687
1.0474
1.04786
1.04799
1.04841
1.04746
1.04752
1.04709
1.04713
1.04637
1.04708
1.0478
1.04698
1.04745
1.04725
1.04744
1.04766
1.0482
1.04807
1.0485
1.04868
1.04886
1.04889
1.04999
1.05024
1.0502
1.05004
1.05023
1.05071
1.05111
1.05231
1.05201
1.05164
1.05142
1.05211
1.05225
1.05124
1.05039
1.05026
1.04984
1.05132
1.05227
1.05339
1.054
1.05389
1.05365
1.0543
1.05499
1.056
1.05655
1.05731
1.05694
1.05693
1.05722
1.05762
1.05806
1.05728
1.05675
1.05759
1.0572
1.05724
1.05783
1.0577
1.05791
1.05799
1.05898
1.05901
1.05891
1.0588
1.05862
1.05767
1.05708
1.05816
1.0582
1.05971
1.06114
1.06122
1.06146
1.0615
1.06262
1.0625
1.06312
1.06344
1.06324
1.06299
1.06373
1.06271
1.06164
1.06241
1.06225
1.06162
1.06138
1.06281
1.06328
1.0645
1.06434
1.06406
1.06455
1.06451
1.06444
1.06399
1.06336
1.06349
1.06346
1.06334
1.06399
1.06355
1.06447
1.06385
1.06318
1.06362
1.06297
1.06255
1.06377
1.0639
1.06432
1.0649
1.06459
1.06514
1.06536
1.06613
1.06661
1.06752
1.06765
1.06673
1.06724
1.068
1.06727
1.06696
1.06679
1.06728
1.06763
1.06728
1.0673
1.06693
1.06775
1.06745
1.06823
1.0678
1.06943
1.06977
1.06924
1.07059
1.07111
1.07006
1.07136
1.07162
1.0718
1.07082
1.07122
1.07098
1.07239
1.07228
1.07391
1.07346
1.0741
1.0747
1.07486
1.07484
1.07458
1.07568
1.07655
1.07503
1.07664
1.07584
1.07532
1.07558
1.07583
1.07706
1.07657
1.07639
1.07665
1.07624
1.07764
1.07743
1.07763
1.07836
1.07841
1.07763
1.0773
1.07819
1.07889
1.07882
1.07963
1.07847
1.07928
1.07902
1.07945
1.0799
1.07767
1.07799
1.07747
1.07839
1.0783
1.0776
1.07783
1.077
1.07861
1.07917
1.07858
1.07948
1.07969
1.08011
1.08047
1.0811
1.08109
1.08102
1.07977
1.08022
1.07992
1.08031
1.08094
1.08134
1.08216
1.08195
1.08217
1.0831
1.08354
1.08261
1.08304
1.08246
1.08282
1.08428
1.08481
1.08435
1.08387
1.08551
1.08694
1.0872
1.08719
1.08677
1.08657
1.08714
1.08797
1.088
1.08795
1.08862
1.08945
1.0893
1.08782
1.08707
1.08799
1.08749
1.08766
1.08793
1.08765
1.089
1.08841
1.08894
1.0888
1.08837
1.08877
1.08875
1.08856
1.08864
1.08989
1.09056
1.09053
1.09036
1.09149
1.09154
1.09192
1.0915
1.09091
1.08969
1.08911
1.08885
1.08956
1.0911
1.09207
1.09232
1.09307
1.09367
1.09321
1.09229
1.09303
1.0923
1.09251
1.09287
1.09164
1.09125
1.09026
1.08978
1.08957
1.09047
1.09087
1.09034
1.0901
1.09015
1.08919
1.08883
1.08912
1.08906
1.08953
1.09134
1.09117
1.09124
1.09066
1.09029
1.08924
1.08881
1.08836
1.08763
1.08725
1.0884
1.08856
1.0885
1.08823
1.08825
1.08737
1.0865
1.08745
1.08764
1.08736
1.08777
1.08809
1.08797
1.08844
1.08805
1.08748
1.08878
1.08908
1.08876
1.08856
1.08799
1.08842
1.08807
1.08768
1.08819
1.08854
1.08871
1.08948
1.09006
1.09025
1.08982
1.09117
1.09235
1.09296
1.09209
1.09228
1.09286
1.09261
1.09107
1.08972
1.09058
1.09165
1.09174
1.09276
1.09314
1.09374
1.09528
1.0951
1.09452
1.09429
1.09364
1.09524
1.09533
1.09536
1.09605
1.09748
1.09797
1.09805
1.09797
1.09786
1.09805
1.09812
1.09767
1.09741
1.09733
1.09732
1.09795
1.09807
1.09849
1.09902
1.10004
1.10002
1.10006
1.10094
1.10008
1.10022
1.10076
1.10087
1.10119
1.10136
1.10092
1.10106
1.10145
1.10209
1.1018
1.1018
1.10145
1.10188
1.10101
1.10088
1.10111
1.10048
1.10135
1.10176
1.10238
1.10377
1.10526
1.10506
1.10542
1.10729
1.10795
1.10875
1.10932
1.10906
1.10934
1.11027
1.11066
1.11032
1.10966
1.11019
1.10936
1.10878
1.10984
1.11025
1.11004
1.1098
1.10955
1.10945
1.10903
1.10916
1.10902
1.10921
1.10971
1.10991
1.11025
1.10976
1.10998
1.11094
1.11218
1.11293
1.11234
1.1116
1.11097
1.11198
1.11171
1.11111
1.11223
1.11117
1.11177
1.11078
1.10983
1.11004
1.11023
1.11032
1.11124
1.11223
1.11311
1.11255
1.11332
1.11372
1.11322
1.1136
1.11268
1.1145
1.1154
1.1149
1.11495
1.11527
1.11562
1.11529
1.1153
1.11695
1.11704
1.11658
1.11688
1.11577
1.11735
1.11773
1.11677
1.11557
1.11469
1.11472
1.11499
1.11509
1.11498
1.11576
1.11634
1.11605
1.11591
1.11611
1.11601
1.11646
1.11633
1.11746
1.1183
1.11806
1.11715
1.11753
1.11843
1.11823
1.11859
1.11806
1.1191
1.11975
1.11928
1.11997
1.12001
1.11987
1.11959
1.11964
1.11768
1.11702
1.11752
1.11779
1.11889
1.11944
1.1195
1.11908
1.11916
1.11884
1.11894
1.11806
1.11781
1.11803
1.1191
1.12071
1.12046
1.11958
1.1189
1.11851
1.11921
1.11893
1.11839
1.11762
1.11824
1.11966
1.11989
1.11984
1.11974
1.11994
1.12058
1.12004
1.12049
1.12113
1.12164
1.12126
1.12103
1.12196
1.12124
1.12029
1.11901
1.11694
1.11809
1.11823
1.11867
1.11825
1.11947
1.12011
1.12028
1.12035
1.12027
1.11984
1.11914
1.11885
1.11885
1.11973
1.11949
1.11883
1.11865
1.11879
1.11817
1.11875
1.12075
1.12044
1.11982
1.12012
1.11928
1.11991
1.11965
1.12024
1.12019
1.12106
1.12025
1.12098
1.12133
1.12044
1.12252
1.12223
1.12244
1.12306
1.12387
1.12426
1.12467
1.12459
1.12461
1.12633
1.12663
1.12628
1.12685
1.12695
1.12588
1.12615
1.12552
1.12589
1.12512
1.12357
1.12446
1.12381
1.12464
1.12456
1.12379
1.12329
1.12371
1.12512
1.12633
1.12597
1.12691
1.12674
1.12788
1.12902
1.13004
1.12964
1.13
1.12966
1.12974
1.12952
1.12893
1.12971
1.12976
1.12833
1.1285
1.12939
1.12968
1.12968
1.13107
1.13093
1.13149
1.13234
1.13152
1.13159
1.13292
1.13256
1.13207
1.13235
1.13349
1.13409
1.1338
1.13385
1.13418
1.13453
1.13382
1.13286
1.13291
1.13289
1.13225
1.13124
1.13124
1.13172
1.13266
1.13343
1.1335
1.1348
1.13445
1.1352
1.13576
1.13428
1.13513
1.13635
1.13649
1.13598
1.13509
1.1358
1.13564
1.13666
1.13604
1.13725
1.1366
1.13746
1.13764
1.13765
1.13761
1.13769
1.13702
1.13688
1.13722
1.13754
1.13776
1.13769
1.13702
1.13766
1.13845
1.13827
1.13926
1.13958
1.1413
1.14166
1.14121
1.14169
1.14112
1.14108
1.14058
1.13956
1.13909
1.13908
1.14004
1.13988
1.14122
1.14209
1.14197
1.14274
1.14187
1.14015
1.13968
1.13943
1.13837
1.13722
1.13621
1.13569
1.13619
1.13619
1.13522
1.13653
1.13574
1.13471
1.13412
1.13555
1.13635
1.13748
1.13869
1.13873
1.1379
1.13768
1.13795
1.13874
1.13877
1.13802
1.13795
1.13794
1.13826
1.13829
1.13888
1.13925
1.1396
1.13901
1.13934
1.13981
1.14046
1.14098
1.14028
1.13988
1.13973
1.1385
1.13842
1.13921
1.13873
1.1377
1.13667
1.13623
1.13838
1.13799
1.1384
1.13849
1.13835
1.13887
1.13999
1.14092
1.14148
1.14218
1.14159
1.14121
1.1409
1.1404
1.14139
1.14254
1.14215
1.14318
1.14354
1.14369
1.14474
1.14304
1.1429
1.14321
1.14317
1.14347
1.14337
1.14339
1.14192
1.14285
1.14177
1.14198
1.1427
1.14157
1.14278
1.14206
1.14218
1.14177
1.14157
1.14182
1.14111
1.14129
1.14202
1.14178
1.1415
1.14333
1.14391
1.14431
1.14525
1.14481
1.14485
1.14457
1.14438
1.1451
1.14538
1.14582
1.14598
1.14696
1.14733
1.14653
1.14705
1.14749
1.14755
1.14729
1.14656
1.14564
1.1459
1.1453
1.14589
1.1462
1.14663
1.14822
1.14839
1.14907
1.14793
1.14684
1.14658
1.14813
1.14619
1.14682
1.14778
1.14741
1.14754
1.1474
1.14738
1.1479
1.14802
1.14852
1.14817
1.14791
1.14864
1.14817
1.14943
1.14969
1.14883
1.14936
1.14935
1.15003
1.14941
1.14975
1.15061
1.15112
1.15084
1.15062
1.14996
1.14978
1.14976
1.14985
1.15033
1.15064
1.15118
1.15107
1.15139
1.15107
1.15077
1.1514
1.15033
1.15043
1.15093
1.15113
1.1514
1.15112
1.15174
1.15171
1.15163
1.15247
1.15277
1.15262
1.15206
1.15245
1.15289
1.15319
1.15364
1.15502
1.15483
1.15557
1.15541
1.15524
1.15603
1.15587
1.1563
1.15718
1.15742
1.15955
1.16068
1.16231
1.16125
1.16131
1.16114
1.16168
1.16183
1.16145
1.15935
1.15901
1.16048
1.1601
1.16014
1.16112
1.16111
1.16051
1.16078
1.15946
1.15802
1.15761
1.15939
1.15955
1.16039
1.16079
1.16075
1.16028
1.15953
1.15896
1.1576
1.1585
1.15777
1.15781
1.1573
1.15765
1.15803
1.15663
1.1569
1.15788
1.15727
1.15737
1.1569
1.15773
1.15863
1.15909
1.15922
1.15932
1.15888
1.15792
1.15854
1.15986
1.16058
1.16164
1.16066
1.16092
1.16122
1.16151
1.16121
1.16169
1.16134
1.16228
1.16282
1.16351
1.16442
1.16359
1.16261
1.16278
1.16342
1.16333
1.16323
1.16307
1.16305
1.16234
1.16328
1.16451
1.16385
1.16512
1.16555
1.16544
1.16478
1.16389
1.16383
1.16346
1.16336
1.16321
1.16411
1.16421
1.16401
1.16586
1.1662
1.16618
1.16636
1.16593
1.16633
1.16404
1.16471
1.16549
1.16501
1.16461
1.1643
1.16571
1.1653
1.16629
1.16641
1.16665
1.16707
1.16752
1.16831
1.16854
1.16832
1.16881
1.16904
1.16877
1.16868
1.16821
1.16796
1.16893
1.16891
1.1704
1.16972
1.16879
1.16939
1.16899
1.16905
1.16822
1.16874
1.16883
1.16919
1.17034
1.16998
1.16985
1.16972
1.16963
1.16862
1.16834
1.16774
1.16838
1.16909
1.16911
1.16851
1.1699
1.16991
1.17054
1.17012
1.16856
1.17028
1.17097
1.17065
1.17096
1.17131
1.17228
1.17115
1.17272
1.17357
1.17448
1.17472
1.17443
1.17378
1.17304
1.17227
1.17102
1.172
1.17184
1.1726
1.17193
1.17238
1.17247
1.17397
1.17425
1.17416
1.17421
1.17359
1.17313
1.17364
1.17339
1.17362
1.17342
1.17296
1.17269
1.17392
1.17366
1.17455
1.17504
1.17607
1.17569
1.17515
1.17601
1.17614
1.17595
1.17627
1.17647
1.17651
1.17549
1.17609
1.17568
1.17571
1.17495
1.17566
1.17672
1.17627
1.17684
1.17699
1.17761
1.17746
1.17753
1.17762
1.17749
1.17724
1.17706
1.17724
1.17739
1.17707
1.17682
1.17845
1.17688
1.17603
1.17622
1.17716
1.17827
1.17784
1.17888
1.17842
1.17814
1.17879
1.18032
1.18047
1.18164
1.17999
1.17964
1.18017
1.17999
1.17954
1.1789
1.18007
1.18068
1.18024
1.1804
1.18076
1.18105
1.1809
1.18225
1.18186
1.18186
1.1808
1.18182
1.18256
1.18142
1.18094
1.18057
1.18024
1.18187
1.18301
1.18416
1.18375
1.1835
1.1831
1.18377
1.18484
1.185
1.18448
1.18553
1.1868
1.18699
1.18691
1.18742
1.18695
1.18629
1.18582
1.18675
1.18599
1.18628
1.18732
1.18553
1.1849
1.18321
1.18305
1.183
1.1836
1.18348
1.18335
1.18344
1.18362
1.1854
1.18515
1.18492
1.18426
1.18443
1.18437
1.1845
1.18421
1.1835
1.18355
1.18432
1.18342
1.18436
1.18489
1.18491
1.1844
1.18458
1.18361
1.18438
1.18382
1.18418
1.18312
1.18284
1.18373
1.18357
1.18462
1.18459
1.18386
1.18528
1.18484
1.18492
1.18406
1.18467
1.1854
1.18631
1.18598
1.18614
1.18757
1.18869
1.18841
1.18819
1.18782
1.187
1.18684
1.18676
1.18733
1.18767
1.18763
1.19038
1.19082
1.19075
1.19004
1.1911
1.19157
1.19144
1.19145
1.19242
1.19298
1.19312
1.1928
1.19306
1.19361
1.19276
1.19373
1.19439
1.19372
1.19214
1.19257
1.1921
1.192
1.19256
1.19322
1.1924
1.19221
1.192
1.19216
1.19121
1.19162
1.19203
1.19256
1.19232
1.19229
1.19201
1.19377
1.19497
1.19491
1.19482
1.19477
1.19368
1.19373
1.19405
1.19367
1.19393
1.1948
1.19524
1.19581
1.19503
1.19531
1.19409
1.19388
1.19383
1.19434
1.19422
1.19364
1.19478
1.19596
1.19687
1.19784
1.19765
1.19705
1.19712
1.19689
1.19791
1.19822
1.19865
1.19905
1.19932
1.1995
1.19956
1.20014
1.19968
1.19999
1.20049
1.20041
1.20035
1.2001
1.20041
1.202
1.20167
1.20282
1.20232
1.20335
1.20364
1.2041
1.20355
1.2052
1.20458
1.20352
1.20388
1.20383
1.20401
1.2033
1.20315
1.20447
1.20494
1.20569
1.20526
1.20587
1.20779
1.20774
1.20795
1.20772
1.20761
1.20594
1.2063
1.20737
1.20703
1.20689
1.20606
1.20648
1.20645
1.20523
1.20514
1.20447
1.20387
1.20428
1.20422
1.20513
1.20502
1.2045
1.20432
1.20315
1.2033
1.20382
1.20252
1.20072
1.19976
1.19748
1.1968
1.19601
1.19715
1.1965
1.19689
1.19769
1.197
1.19711
1.19675
1.19795
1.19797
1.19841
1.19779
1.19806
1.19691
1.19666
1.19565
1.19552
1.19543
1.19562
1.19501
1.1943
1.19384
1.19375
1.19439
1.19488
1.19502
1.19528
1.19736
1.19666
