4.69136
4.49166
4.47126
4.19686
4.04452
3.93546
4.4261
4.7713
4.72088
4.39523
3.97901
3.72619
3.40833
3.29081
3.36171
3.67695
3.35892
2.96229
2.48862
2.95336
2.98027
3.94377
3.78527
3.86224
3.8976
3.93252
4.48223
4.73619
4.99342
4.79497
5.72826
5.73598
5.63862
5.7931
6.37323
7.03375
6.68096
7.49952
6.69266
6.5293
5.77957
6.03677
6.65194
5.73998
5.41308
6.13932
5.59252
6.27255
5.60186
6.26257
6.25982
7.507
7.44346
6.78741
5.98487
6.65914
6.6366
6.78415
6.19291
5.8115
6.27442
6.74843
6.1263
5.70033
6.83499
7.99285
7.69854
6.9993
6.91571
5.91515
6.29899
5.61114
5.50624
6.06543
6.45972
6.8761
6.67927
6.776
6.03786
5.62332
5.55361
5.58092
4.98943
4.97026
4.56499
4.9903
4.68925
5.12501
4.69625
4.2976
3.99024
3.60145
3.44586
3.23386
3.10963
2.49239
2.39492
2.50418
2.77167
2.96436
2.39238
2.68856
2.53206
2.26309
2.09764
1.77024
1.76543
1.73269
1.57476
1.44351
1.54023
1.58578
1.69944
1.63074
1.42163
1.54809
1.65713
1.35942
1.22739
1.30374
1.42241
1.33031
1.16883
1.04234
1.17273
0.847209
0.890155
0.767846
0.721755
0.737848
0.734109
0.700694
0.70213
0.829157
0.764568
0.925095
0.699655
0.716234
0.794345
0.680905
0.781261
0.559544
0.558756
0.615277
0.891422
0.771302
0.849067
0.804827
0.829407
0.720352
0.724515
0.82702
0.671437
0.745594
0.838615
0.666879
0.458527
0.544119
0.572272
0.549657
0.66879
0.864363
0.669866
0.705836
0.932
0.987675
1.09
0.972097
0.9859
1.02537
1.03714
0.796269
0.79841
0.790073
0.742763
0.700901
0.612521
0.677828
0.78373
0.67051
0.442265
0.478547
0.461007
0.417792
0.345072
0.430687
0.474094
0.415238
0.38474
0.234097
0.275512
0.258571
0.328655
0.29814
0.237387
0.175895
0.123994
0.0804104
0.0958698
0.0919308
0.0678286
0.0712992
0.068016
0.0515532
0.0650511
0.0437654
0.0286168
0.0299861
0.0152353
0.0093889
0.0142663
0.0189062
0.0178958
0.0212974
0.0185024
0.0110698
0.00847843
0.00708914
0.00554237
0.00497027
0.00336296
0.00627085
0.00468906
0.00680602
0.0039131
0.00559828
0.00490101
0.00451168
0.00491855
0.00521611
0.00543588
0.00689582
0.00559095
0.00619234
0.00803932
0.0070883
0.00276838
0.00678102
0.0100824
0.0081381
0.00577395
0.0101728
0.0104675
0.00994902
0.0181901
0.0187534
0.01084
0.0166187
0.00993864
0.00556124
0.00257209
0.00256793
0.00417362
0.0052492
0.00514667
0.00398788
0.00621381
0.0090461
0.00583679
0.00721774
0.00676733
0.00870993
0.0028431
0.00308711
0.00172465
0.00169447
0.00262841
0.00143309
0.0017749
0.0005419
0.000854223
0.000313127
0.00119101
0.000975195
0.00152295
0.000771037
0.00056756
0.000972695
0.0014435
0.00230237
0.000945675
0.00130736
0.000936159
0.00159692
0.00138704
0.00125717
0.00121855
0.000693674
0.000342284
0.000222605
0.000383044
0.000153567
6.11095e-05
0.000263123
2.24235e-05
2.36432e-05
0.000132678
5.52077e-05
4.86361e-05
7.6206e-05
0
9.91584e-05
7.78346e-05
1.05793e-05
8.15783e-06
0
1.1727e-05
3.6894e-05
0
0.000160982
5.64365e-06
0
0
0
2.78761e-05
0
0
0
0
0
0
0
0
0
0
0
0
0
0
0
0
0
0
0
0
0
0
0
0
0
0
0
0
0
0
0
0
0
0
0
0
0
0
0
0
0
0
0
0
0
0
0
0
0
0
0
0
0
0
0
0
0
0
0
0
0
0
0
0
0
0
0
0
0
0
0
0
0
0
0
0
0
0
0
0
0
0
0
0
0
0
0
0
0
0
0
0
0
0
0
0
0
0
0
0
0
0
0
0
0
0
0
0
0
0
0
0
0
0
0
0
0
0
0
0
0
0
0
0
0
0
0
0
0
0
0
0
0
0
0
0
0
0
0
0
0
0
0
0
0
0
0
0
0
0
0
0
0
0
0
0
0
0
0
0
0
0
0
0
0
0
0
0
0
0
0
0
0
0
0
0
0
0
0
0
0
0
0
0
0
0
0
0
0
0
0
0
0
0
0
0
0
0
0
0
0
0
0
0
0
0
0
0
0
0
0
0
0
0
0
0
0
0
0
0
0
0
0
0
0
0
0
0
0
0
0
0
