4.69136
4.51401
4.50247
4.1847
4.04352
3.95639
4.46038
4.78948
4.74394
4.45352
3.9753
3.76175
3.49365
3.3256
3.44471
3.71729
3.45339
3.03237
2.55976
2.98314
3.01943
3.95516
3.73277
3.8501
3.9288
3.93466
4.51795
4.77072
5.01258
4.8393
5.72397
5.76367
5.6075
5.83079
6.40672
7.0685
6.7357
7.52701
6.68967
6.52727
5.7843
6.07175
6.65098
5.71427
5.41414
6.1173
5.57537
6.18956
5.56544
6.18218
6.22523
7.39159
7.33488
6.71829
5.90205
6.53605
6.57437
6.69135
6.09765
5.74914
6.1647
6.73318
6.0512
5.63613
6.71627
7.86705
7.59594
6.85199
6.79073
5.75915
6.10731
5.41954
5.36701
5.89617
6.28295
6.71434
6.52496
6.57902
5.85196
5.53433
5.41375
5.45892
4.78804
4.85262
4.41761
4.81841
4.55169
4.97877
4.59423
4.13705
3.83287
3.47984
3.28905
3.12574
2.98565
2.35037
2.25758
2.35515
2.62866
2.82366
2.22347
2.50866
2.38677
2.11233
1.95525
1.62589
1.59641
1.6107
1.43278
1.30515
1.44397
1.46608
1.5822
1.52641
1.33237
1.4704
1.56088
1.2594
1.13619
1.21578
1.35617
1.26383
1.10183
0.982868
1.09793
0.745057
0.811843
0.677437
0.628319
0.651087
0.661991
0.610627
0.633463
0.756706
0.67993
0.846638
0.627624
0.633785
0.708928
0.606654
0.710579
0.458752
0.48101
0.533082
0.787856
0.63466
0.729988
0.680337
0.721913
0.599827
0.627115
0.719185
0.571864
0.62922
0.73029
0.560574
0.333608
0.402795
0.438719
0.432551
0.544594
0.72783
0.50869
0.580763
0.786137
0.837647
0.939689
0.830849
0.848268
0.869519
0.896767
0.650834
0.668352
0.66177
0.643803
0.58275
0.504313
0.56992
0.676436
0.56066
0.320728
0.341622
0.344367
0.290343
0.219031
0.31048
0.35237
0.291881
0.274511
0.0939792
0.133016
0.125227
0.1903
0.162277
0.0919385
0.0270703
-0.0278615
-0.0686017
-0.0532047
-0.0588656
-0.0862158
-0.0787637
-0.082301
-0.0940404
-0.0816922
-0.104145
-0.120408
-0.118372
-0.139296
-0.145046
-0.141101
-0.134708
-0.1392
-0.134707
-0.137987
-0.146861
-0.149145
-0.150591
-0.151301
-0.152404
-0.152205
-0.151291
-0.152893
-0.151185
-0.152417
-0.151552
-0.152219
-0.151999
-0.150799
-0.150867
-0.150293
-0.149479
-0.150254
-0.148912
-0.148503
-0.148452
-0.151827
-0.150096
-0.146818
-0.148894
-0.15052
-0.146108
-0.146299
-0.1463
-0.139434
-0.141121
-0.144739
-0.14269
-0.149938
-0.1547
-0.156534
-0.157086
-0.156116
-0.154937
-0.15447
-0.154603
-0.153937
-0.151393
-0.153792
-0.152335
-0.151936
-0.151204
-0.15624
-0.157271
-0.158249
-0.158679
-0.157707
-0.15876
-0.158851
-0.160422
-0.160323
-0.160234
-0.160057
-0.160089
-0.159727
-0.160162
-0.16022
-0.159857
-0.159495
-0.158985
-0.160047
-0.159866
-0.160021
-0.159561
-0.160053
-0.159883
-0.160276
-0.160726
-0.160789
-0.160978
-0.160945
-0.161029
-0.161233
-0.161234
-0.161283
-0.161289
-0.161272
-0.161198
-0.161246
-0.161332
-0.161341
-0.161321
-0.161342
-0.16135
-0.161332
-0.161382
-0.161385
-0.161404
-0.161405
-0.161416
-0.161434
-0.161449
-0.161464
-0.161474
-0.161487
-0.161497
-0.161505
-0.161513
-0.161522
-0.161531
-0.16154
-0.161549
-0.161558
-0.161567
-0.161575
-0.161584
-0.161593
-0.161602
-0.161611
-0.16162
-0.161629
-0.161638
-0.161647
-0.161655
-0.161664
-0.161673
-0.161682
-0.161691
-0.1617
-0.161709
-0.161718
-0.161726
-0.161735
-0.161744
-0.161753
-0.161762
-0.161771
-0.16178
-0.161789
-0.161798
-0.161806
-0.161815
-0.161824
-0.161833
-0.161842
-0.161851
-0.16186
-0.161869
-0.161878
-0.161887
-0.161895
-0.161904
-0.161913
-0.161922
-0.161931
-0.16194
-0.161949
-0.161958
-0.161967
-0.161975
-0.161984
-0.161993
-0.162002
-0.162011
-0.16202
-0.162029
-0.162038
-0.162047
-0.162056
-0.162064
-0.162073
-0.162082
-0.162091
-0.1621
-0.162109
-0.162118
-0.162127
-0.162136
-0.162145
-0.162154
-0.162162
-0.162171
-0.16218
-0.162189
-0.162198
-0.162207
-0.162216
-0.162225
-0.162234
-0.162243
-0.162252
-0.162261
-0.162269
-0.162278
-0.162287
-0.162296
-0.162305
-0.162314
-0.162323
-0.162332
-0.162341
-0.16235
-0.162359
-0.162368
-0.162376
-0.162385
-0.162394
-0.162403
-0.162412
-0.162421
-0.16243
-0.162439
-0.162448
-0.162457
-0.162466
-0.162475
-0.162484
-0.162492
-0.162501
-0.16251
-0.162519
-0.162528
-0.162537
-0.162546
-0.162555
-0.162564
-0.162573
-0.162582
-0.162591
-0.1626
-0.162609
-0.162618
-0.162626
-0.162635
-0.162644
-0.162653
-0.162662
-0.162671
-0.16268
-0.162689
-0.162698
-0.162707
-0.162716
-0.162725
-0.162734
-0.162743
-0.162752
-0.162761
-0.162769
-0.162778
-0.162787
-0.162796
-0.162805
-0.162814
-0.162823
-0.162832
-0.162841
-0.16285
-0.162859
-0.162868
-0.162877
-0.162886
-0.162895
-0.162904
-0.162913
-0.162922
-0.162931
-0.16294
-0.162948
-0.162957
-0.162966
-0.162975
-0.162984
-0.162993
-0.163002
-0.163011
-0.16302
-0.163029
-0.163038
-0.163047
-0.163056
-0.163065
-0.163074
-0.163083
-0.163092
-0.163101
-0.16311
-0.163119
-0.163128
-0.163137
-0.163146
-0.163155
-0.163163
-0.163172
-0.163181
-0.16319
-0.163199
-0.163208
-0.163217
-0.163226
-0.163235
-0.163244
-0.163253
-0.163262
-0.163271
-0.16328
-0.163289
-0.163298
-0.163307
-0.163316
-0.163325
-0.163334
-0.163343
-0.163352
-0.163361
-0.16337
-0.163379
-0.163388
-0.163397
-0.163406
-0.163415
-0.163424
-0.163433
-0.163442
-0.163451
-0.16346
-0.163469
-0.163478
-0.163487
-0.163496
-0.163505
-0.163513
-0.163522
-0.163531
-0.16354
-0.163549
-0.163558
