0
0.00274725
0.00549451
0.00824176
0.010989
0.0137363
0.0164835
0.0192308
0.021978
0.0247253
0.0274725
0.0302198
0.032967
0.0357143
0.0384615
0.0412088
0.043956
0.0467033
0.0494505
0.0521978
0.0549451
0.0576923
0.0604396
0.0631868
0.0659341
0.0686813
0.0714286
0.0741758
0.0769231
0.0796703
0.0824176
0.0851648
0.0879121
0.0906593
0.0934066
0.0961538
0.0989011
0.101648
0.104396
0.107143
0.10989
0.112637
0.115385
0.118132
0.120879
0.123626
0.126374
0.129121
0.131868
0.134615
0.137363
0.14011
0.142857
0.145604
0.148352
0.151099
0.153846
0.156593
0.159341
0.162088
0.164835
0.167582
0.17033
0.173077
0.175824
0.178571
0.181319
0.184066
0.186813
0.18956
0.192308
0.195055
0.197802
0.200549
0.203297
0.206044
0.208791
0.211538
0.214286
0.217033
0.21978
0.222527
0.225275
0.228022
0.230769
0.233516
0.236264
0.239011
0.241758
0.244505
0.247253
0.25
0.252747
0.255495
0.258242
0.260989
0.263736
0.266484
0.269231
0.271978
0.274725
0.277473
0.28022
0.282967
0.285714
0.288462
0.291209
0.293956
0.296703
0.299451
0.302198
0.304945
0.307692
0.31044
0.313187
0.315934
0.318681
0.321429
0.324176
0.326923
0.32967
0.332418
0.335165
0.337912
0.340659
0.343407
0.346154
0.348901
0.351648
0.354396
0.357143
0.35989
0.362637
0.365385
0.368132
0.370879
0.373626
0.376374
0.379121
0.381868
0.384615
0.387363
0.39011
0.392857
0.395604
0.398352
0.401099
0.403846
0.406593
0.409341
0.412088
0.414835
0.417582
0.42033
0.423077
0.425824
0.428571
0.431319
0.434066
0.436813
0.43956
0.442308
0.445055
0.447802
0.450549
0.453297
0.456044
0.458791
0.461538
0.464286
0.467033
0.46978
0.472527
0.475275
0.478022
0.480769
0.483516
0.486264
0.489011
0.491758
0.494505
0.497253
0.5
0.502747
0.505495
0.508242
0.510989
0.513736
0.516484
0.519231
0.521978
0.524725
0.527473
0.53022
0.532967
0.535714
0.538462
0.541209
0.543956
0.546703
0.549451
0.552198
0.554945
0.557692
0.56044
0.563187
0.565934
0.568681
0.571429
0.574176
0.576923
0.57967
0.582418
0.585165
0.587912
0.590659
0.593407
0.596154
0.598901
0.601648
0.604396
0.607143
0.60989
0.612637
0.615385
0.618132
0.620879
0.623626
0.626374
0.629121
0.631868
0.634615
0.637363
0.64011
0.642857
0.645604
0.648352
0.651099
0.653846
0.656593
0.659341
0.662088
0.664835
0.667582
0.67033
0.673077
0.675824
0.678571
0.681319
0.684066
0.686813
0.68956
0.692308
0.695055
0.697802
0.700549
0.703297
0.706044
0.708791
0.711538
0.714286
0.717033
0.71978
0.722527
0.725275
0.728022
0.730769
0.733516
0.736264
0.739011
0.741758
0.744505
0.747253
0.75
0.752747
0.755495
0.758242
0.760989
0.763736
0.766484
0.769231
0.771978
0.774725
0.777473
0.78022
0.782967
0.785714
0.788462
0.791209
0.793956
0.796703
0.799451
0.802198
0.804945
0.807692
0.81044
0.813187
0.815934
0.818681
0.821429
0.824176
0.826923
0.82967
0.832418
0.835165
0.837912
0.840659
0.843407
0.846154
0.848901
0.851648
0.854396
0.857143
0.85989
0.862637
0.865385
0.868132
0.870879
0.873626
0.876374
0.879121
0.881868
0.884615
0.887363
0.89011
0.892857
0.895604
0.898352
0.901099
0.903846
0.906593
0.909341
0.912088
0.914835
0.917582
0.92033
0.923077
0.925824
0.928571
0.931319
0.934066
0.936813
0.93956
0.942308
0.945055
0.947802
0.950549
0.953297
0.956044
0.958791
0.961538
0.964286
0.967033
0.96978
0.972527
0.975275
0.978022
0.980769
0.983516
0.986264
0.989011
0.991758
0.994505
0.997253
1
1.00275
1.00549
1.00824
1.01099
1.01374
1.01648
1.01923
1.02198
1.02473
1.02747
1.03022
1.03297
1.03571
1.03846
1.04121
1.04396
1.0467
1.04945
1.0522
1.05495
1.05769
1.06044
1.06319
1.06593
1.06868
1.07143
1.07418
1.07692
1.07967
1.08242
1.08516
1.08791
1.09066
1.09341
1.09615
1.0989
1.10165
1.1044
1.10714
1.10989
1.11264
1.11538
1.11813
1.12088
1.12363
1.12637
1.12912
1.13187
1.13462
1.13736
1.14011
1.14286
1.1456
1.14835
1.1511
1.15385
1.15659
1.15934
1.16209
1.16484
1.16758
1.17033
1.17308
1.17582
1.17857
1.18132
1.18407
1.18681
1.18956
1.19231
1.19505
1.1978
1.20055
1.2033
1.20604
1.20879
1.21154
1.21429
1.21703
1.21978
1.22253
1.22527
1.22802
1.23077
1.23352
1.23626
1.23901
1.24176
1.24451
1.24725
1.25
1.25275
1.25549
1.25824
1.26099
1.26374
1.26648
1.26923
1.27198
1.27473
1.27747
1.28022
1.28297
1.28571
1.28846
1.29121
1.29396
1.2967
1.29945
1.3022
1.30495
1.30769
1.31044
1.31319
1.31593
1.31868
1.32143
1.32418
1.32692
1.32967
1.33242
1.33516
1.33791
1.34066
1.34341
1.34615
1.3489
1.35165
1.3544
1.35714
1.35989
1.36264
1.36538
1.36813
1.37088
1.37363
1.37637
1.37912
1.38187
1.38462
1.38736
1.39011
1.39286
1.3956
1.39835
1.4011
1.40385
1.40659
1.40934
1.41209
1.41484
1.41758
1.42033
1.42308
1.42582
1.42857
1.43132
1.43407
1.43681
1.43956
1.44231
1.44505
1.4478
1.45055
1.4533
1.45604
1.45879
1.46154
1.46429
1.46703
1.46978
1.47253
1.47527
1.47802
1.48077
1.48352
1.48626
1.48901
1.49176
1.49451
1.49725
1.5
